tree
version=v4
num_class=1
num_tree_per_iteration=1
label_index=0
max_feature_idx=34
objective=regression
feature_names=Column_0 Column_1 Column_2 Column_3 Column_4 Column_5 Column_6 Column_7 Column_8 Column_9 Column_10 Column_11 Column_12 Column_13 Column_14 Column_15 Column_16 Column_17 Column_18 Column_19 Column_20 Column_21 Column_22 Column_23 Column_24 Column_25 Column_26 Column_27 Column_28 Column_29 Column_30 Column_31 Column_32 Column_33 Column_34
feature_infos=[-8.5763542039017082:8.2492724964974453] [-9.8020570427736295:7.375929640594971] [-8.570970785521169:8.2457539587550404] [-8.570155628091447:8.2452341704206535] [-8.5704809769818571:8.2449664737090096] [-8.5696884666281825:8.245267244487545] [-8.5706889394177512:8.2445258515909821] [-0.94550217855701879:12.402473805253187] [-7.3086899827454728:9.1906168039210154] [-7.1133197983823457:10.187276557023694] [-6.5508303601379314:6.3064295115845086] [-5.283539887991064:4.3567833750341896] [-7.7149900552549262:7.9579775591999828] [-6.8767377655389206:4.6672996218841458] [-0.99492603574074112:8.4624894768149712] [-0.88399329236024304:6.849218802841242] [-3.0516970255283997:2.5720934275104721] [-8.5948240746322817:6.5271039576247576] none [-1.7523452535198545:2.3781287196796081] [-2.0665462707298445:1.4121316290967529] [-1.7615038757014085:3.3854134911080465] [-1.9075560489006511:2.2557958803684657] [-1.2399247067022174:7.7974083594377106] [-1.3678608234942884:2.3352116896255746] [-2.7967945360591666:1.2355501826302113] [-0.28916620826240247:6.3929177934768981] [-0.65737022613032325:3.6584150947464229] [-0.83888616340539079:2.5384710571573144] [-2.0935081152033157:2.4703088848835599] [-2.1225676942220151:2.3447145371832319] [-5.8413787851886632:6.1224216753955094] [-2.3663168674864985:2.3902406471656499] [-2.5632454753479741:2.5682750473581799] [-7.5812913033731562:9.3273154094067134]
tree_sizes=1191 1203 1319 1228 1030 1208 1421 1465 1042 1232 1319 1232 1030 1243 1408 1316 1252 1325 1315 1316

Tree=0
num_leaves=12
num_cat=0
split_feature=24 20 22 25 22 15 20 34 33 25 33
split_gain=2.7978 0.982239 1.60693 0.36877 0.301927 0.271777 0.222729 0.156462 0.142399 0.0899327 0.00507965
threshold=-1.2343280590339176 -0.074824401844845734 -0.88851572066331486 1.0000000180025095e-35 0.78990364349229791 -0.59891126646989468 0.36894889734705999 -0.015655347643330798 -0.8004972547036322 1.1973807900668545 0.25673547363221466
decision_type=2 2 2 2 2 2 2 2 2 2 2
left_child=-1 5 -3 6 -5 10 -4 8 -7 -9 -2
right_child=1 2 3 4 -6 7 -8 9 -10 -11 -12
leaf_value=0.019236334840747146 0.011011498901909106 0.0038595691577084264 0.0091127466883592322 0.011605033570150422 0.010355169747459717 0.012731698778236907 0.012168717727838308 0.013081718333916361 0.011297188765275154 0.01139006453538835 0.0098550214867814574
leaf_weight=39 20 26 119 644 233 106 23 308 138 27 27
leaf_count=39 20 26 119 644 233 106 23 308 138 27 27
internal_value=0.0115888 0.0113969 0.0108333 0.0110363 0.0112733 0.012332 0.00963018 0.0125146 0.0119145 0.0129359 0.010223
internal_weight=1710 1671 1045 1019 877 626 142 579 244 335 47
internal_count=1710 1671 1045 1019 877 626 142 579 244 335 47
is_linear=0
shrinkage=1


Tree=1
num_leaves=12
num_cat=0
split_feature=24 20 22 20 22 13 15 34 27 20 33
split_gain=2.6443 0.924837 1.5222 0.289051 0.504357 0.388248 0.257256 0.147077 0.157659 0.061377 0.004549
threshold=-1.2343280590339176 -0.074824401844845734 -0.88851572066331486 0.23644786488691752 0.80080247053226916 -0.529205462051617 -0.59891126646989468 -0.015655347643330798 -0.62423842866305834 -1.8751558905096382 0.25673547363221466
decision_type=2 2 2 2 2 2 2 2 2 2 2
left_child=-1 6 -3 5 -5 -4 10 8 -8 -9 -2
right_child=1 2 3 4 -6 -7 7 9 -10 -11 -12
leaf_value=0.0074345424871758697 -0.00056219507596688343 -0.0075212953469057662 4.1801072596128851e-05 7.0710395244027305e-05 -0.0027205769427091583 -0.0020619255749211793 0.0015019723292207343 0 -0.00015224111267840335 0.0014377051617544458 -0.0016869205463211981
leaf_weight=39 20 26 123 631 61 204 69 32 175 303 27
leaf_count=39 20 26 123 631 61 204 69 32 175 303 27
internal_value=0 -0.000186818 -0.000733736 -0.000536045 -0.000181707 -0.00126834 0.000720545 0.000898214 0.000315964 0.00130686 -0.00133076
internal_weight=1710 1671 1045 1019 692 327 626 579 244 335 47
internal_count=1710 1671 1045 1019 692 327 626 579 244 335 47
is_linear=0
shrinkage=0.03


Tree=2
num_leaves=13
num_cat=0
split_feature=24 20 25 28 15 20 11 24 20 24 19 33
split_gain=2.49919 0.871357 1.03194 0.676473 0.243604 0.22469 0.175371 0.39945 0.244593 0.124867 0.208806 0.0040538
threshold=-1.2343280590339176 -0.074824401844845734 1.0000000180025095e-35 -0.78154821322646151 -0.59891126646989468 0.36894889734705999 -0.26028287205486261 -0.44523439455185537 1.3385199443966742 2.1403841602376352 -0.87865779564201874 0.25673547363221466
decision_type=2 2 2 2 2 2 2 2 2 2 2 2
left_child=-1 4 3 -3 11 -5 8 -8 -4 10 -6 -2
right_child=1 2 6 5 9 -7 7 -9 -10 -11 -12 -13
leaf_value=0.0072274372304922769 -0.00054752913505628543 -0.0076106161409989007 0.00070627013181038362 -0.0024961964323247229 0.0021082882431741707 0.00061315924331545833 -1.7737173978069083e-05 -0.0016797528317012023 -0.0014512145862360644 -0.0011329836582120219 0.00065206733069599575 -0.0016413737005554138
leaf_weight=39 20 21 244 125 114 22 380 198 55 23 442 27
leaf_count=39 20 21 244 125 114 22 380 198 55 23 442 27
internal_value=0 -0.000181862 -0.000712771 -0.00284701 0.000698804 -0.00200789 -0.000292211 -0.000597975 0.000289001 0.000871791 0.000965724 -0.00129669
internal_weight=1710 1671 1045 168 626 147 877 578 299 579 556 47
internal_count=1710 1671 1045 168 626 147 877 578 299 579 556 47
is_linear=0
shrinkage=0.03


Tree=3
num_leaves=12
num_cat=0
split_feature=24 20 22 25 22 15 20 34 27 25 33
split_gain=2.36218 0.820893 1.40323 0.313842 0.255759 0.230633 0.193102 0.137931 0.144359 0.0841789 0.00359194
threshold=-1.2343280590339176 -0.074824401844845734 -0.88851572066331486 1.0000000180025095e-35 0.78990364349229791 -0.59891126646989468 0.36894889734705999 -0.015655347643330798 -0.62423842866305834 1.1973807900668545 0.25673547363221466
decision_type=2 2 2 2 2 2 2 2 2 2 2
left_child=-1 5 -3 6 -5 10 -4 8 -7 -9 -2
right_child=1 2 3 4 -6 7 -8 9 -10 -11 -12
leaf_value=0.0070261014902165964 -0.00053324575138116346 -0.00720953291339864 -0.0022825041530524061 2.1148295466082063e-05 -0.0011289142850378006 0.0014178676725132391 0.00055591370401760702 0.001382937663119478 -0.00016505928334222157 -0.0002497475089970976 -0.0015970566269010303
leaf_weight=39 20 26 119 644 233 69 23 308 175 27 27
leaf_count=39 20 26 119 644 233 69 23 308 175 27 27
internal_value=0 -0.000177239 -0.000692585 -0.000502693 -0.000283796 0.000677473 -0.00180008 0.000845889 0.00028221 0.00124142 -0.00126353
internal_weight=1710 1671 1045 1019 877 626 142 579 244 335 47
internal_count=1710 1671 1045 1019 877 626 142 579 244 335 47
is_linear=0
shrinkage=0.03


Tree=4
num_leaves=10
num_cat=0
split_feature=24 23 21 22 33 24 23 24 22
split_gain=2.23257 0.539449 0.453854 0.529467 0.39584 0.291443 0.286845 0.252671 0.00875511
threshold=-1.2343280590339176 2.3166436685274214 -0.1228394463076203 0.85529660573212685 0.25673547363221466 1.5631548913497304 0.41210706556392834 2.0686100357748054 0.93158839501192736
decision_type=2 2 2 2 2 2 2 2 2
left_child=-1 2 3 5 7 -2 -6 -4 -5
right_child=1 -3 4 8 6 -7 -8 -9 -10
leaf_value=0.0068303742563085891 0.00040094586922402115 -0.0045493483997136345 0.00011016310256311484 -0.0015334294123458675 -0.0011718169483527507 0.0025779322077993487 -0.00457201867760159 -0.0019212029556323201 -0.0034301589506864545
leaf_weight=39 724 22 480 21 262 58 23 59 22
leaf_count=39 724 22 480 21 262 58 23 59 22
internal_value=0 -0.000172556 -0.000104192 0.00039032 -0.000602551 0.000575467 -0.0015014 -0.000116062 -0.00272948
internal_weight=1710 1671 1649 825 824 782 285 539 43
internal_count=1710 1671 1649 825 824 782 285 539 43
is_linear=0
shrinkage=0.03


Tree=5
num_leaves=12
num_cat=0
split_feature=24 20 22 21 22 10 15 34 33 20 33
split_gain=2.11023 0.746235 1.28369 0.281753 0.442552 0.341205 0.218601 0.129051 0.12604 0.0571236 0.00301332
threshold=-1.2343280590339176 -0.074824401844845734 -0.88851572066331486 -0.11073903782040005 0.85529660573212685 -0.75544240541243068 -0.59891126646989468 -0.015655347643330798 -0.8004972547036322 -1.8751558905096382 0.25673547363221466
decision_type=2 2 2 2 2 2 2 2 2 2 2
left_child=-1 6 -3 4 -4 -5 10 8 -8 -9 -2
right_child=1 2 3 5 -6 -7 7 9 -10 -11 -12
leaf_value=0.0066400998229427001 -0.00052979444823754223 -0.0068931189594661881 0.00045376759714540403 0.000323517130541743 -0.0026592677098714098 -0.0013075931499950504 0.0010353564092272106 0 -0.00031462049996728035 0.0013193938460756851 -0.0015647616028785704
leaf_weight=39 20 26 377 150 43 449 106 32 138 303 27
leaf_count=39 20 26 377 150 43 449 106 32 138 303 27
internal_value=0 -0.000168244 -0.000659665 -0.000477914 0.00011136 -0.000894575 0.000646564 0.000810682 0.000265151 0.00119327 -0.00124256
internal_weight=1710 1671 1045 1019 420 599 626 579 244 335 47
internal_count=1710 1671 1045 1019 420 599 626 579 244 335 47
is_linear=0
shrinkage=0.03


Tree=6
num_leaves=14
num_cat=0
split_feature=24 20 22 25 22 20 34 27 17 20 23 34 17
split_gain=1.99444 0.70278 1.21597 0.281618 0.222342 0.182746 0.123176 0.162843 0.108073 0.0936673 0.101499 0.0456347 0.0385909
threshold=-1.2343280590339176 -0.074824401844845734 -0.88851572066331486 1.0000000180025095e-35 0.78990364349229791 0.36894889734705999 -0.0086100338936711228 -0.62423842866305834 0.050209990407027942 -1.8751558905096382 0.082806526008117276 -0.93399095623958839 -0.1068615330162931
decision_type=2 2 2 2 2 2 2 2 2 2 2 2 2
left_child=-1 6 -3 5 -5 -4 7 11 -9 12 -11 -2 -8
right_child=1 2 3 4 -6 -7 9 8 -10 10 -12 -13 -14
leaf_value=0.0064551255243963431 0.0024903300902992483 -0.0067077177565641188 -0.0021629816286502495 2.7735153054916575e-05 -0.001044373434326652 0.00059378597197624352 0.0005662153936801073 -0.00087564335660770154 0.0004286191247919213 0.00066647654642994051 0.001851816859131169 0.00071559709194962944 -0.001118362650857307
leaf_weight=39 22 26 119 644 233 23 20 114 106 163 128 52 21
leaf_count=39 22 26 119 644 233 23 20 114 106 163 128 52 21
internal_value=-5.29381e-08 -0.000163803 -0.000640741 -0.00046377 -0.000256281 -0.00169273 0.000626853 0.000164597 -0.000236461 0.00102211 0.00121164 0.00135865 -0.000245858
internal_weight=1710 1671 1045 1019 877 142 626 294 220 332 291 74 41
internal_count=1710 1671 1045 1019 877 142 626 294 220 332 291 74 41
is_linear=0
shrinkage=0.03


Tree=7
num_leaves=15
num_cat=0
split_feature=14 33 21 22 22 22 10 15 24 12 7 15 22 19
split_gain=1.9047 0.41211 0.512286 0.602222 0.28041 0.204549 0.177774 0.164572 0.107949 0.0517133 0.0375847 0.0384192 0.0374591 0.00933419
threshold=4.4065695578667343 -0.81298860408936913 -0.1228394463076203 -0.85581923954340022 0.85529660573212685 0.72451068125246876 -0.72914041349226821 -0.59891126646989468 1.2136461113568207 -0.052365606533232516 -0.018878406979090715 -0.10755952074801256 0.88799308685204137 0.21986202456592233
decision_type=2 2 2 2 2 2 2 2 2 2 2 2 2 2
left_child=1 5 4 -4 7 10 -5 -3 12 -10 13 -12 -7 -1
right_child=-2 2 3 6 -6 8 -8 -9 9 -11 11 -13 -14 -15
leaf_value=0.0011618680989482482 0.0071362953578883951 -0.00078581035232024358 -0.0048783692475784955 0.00018753030010099922 -0.0029474550411105155 0 -0.0010074315126521061 0.00056551458609899045 0.001807804616418882 -6.1980338941793822e-06 0.0029015612110782126 0.0012220265453953532 -0.0013021976909387439 0.00053556395516654175
leaf_weight=76 30 92 31 137 21 29 512 510 23 24 23 68 55 79
leaf_count=76 30 92 31 137 21 29 512 510 23 24 23 68 55 79
internal_value=0 -0.000141394 -0.00039565 -0.000964037 0.000221594 0.000725667 -0.000750879 0.000351169 -0.00021011 0.000876711 0.00123256 0.00175749 -0.000861958 0.000877872
internal_weight=1710 1680 1303 680 623 377 649 602 131 47 246 91 84 155
internal_count=1710 1680 1303 680 623 377 649 602 131 47 246 91 84 155
is_linear=0
shrinkage=0.03


Tree=8
num_leaves=10
num_cat=0
split_feature=14 23 21 22 33 19 15 25 22
split_gain=1.80203 0.533244 0.329183 0.442553 0.428153 0.239864 0.161382 0.091996 0.0113744
threshold=4.4065695578667343 2.3166436685274214 -0.1228394463076203 0.85529660573212685 -0.78981665735173012 -0.28072036881599566 -0.62817822235463627 0.31242122071591744 0.93158839501192736
decision_type=2 2 2 2 2 2 2 2 2
left_child=1 2 3 6 7 -6 -1 -4 -5
right_child=-2 -3 4 8 5 -7 -8 -9 -10
leaf_value=-0.00062897781399568831 0.0069416690233417531 -0.0046759461801013221 0.00018618060000013569 -0.0013448046303237786 -0.0014380058799089344 -0.00028124883294407076 0.00067900612261559564 0.0016196279478631914 -0.0031916541892290113
leaf_weight=92 30 20 101 21 316 346 690 72 22
leaf_count=92 30 20 101 21 316 346 690 72 22
internal_value=0 -0.000137172 -7.23471e-05 0.000349917 -0.000492894 -0.000841924 0.000519488 0.000817244 -0.00250145
internal_weight=1710 1680 1660 825 835 662 782 173 43
internal_count=1710 1680 1660 825 835 662 782 173 43
is_linear=0
shrinkage=0.03


Tree=9
num_leaves=12
num_cat=0
split_feature=24 20 22 25 34 15 20 34 27 25 33
split_gain=1.77467 0.627094 1.15895 0.248955 0.199337 0.191374 0.173198 0.115315 0.127718 0.0695706 0.00341086
threshold=-1.2343280590339176 -0.074824401844845734 -0.88851572066331486 1.0000000180025095e-35 -0.43026212445057777 -0.59891126646989468 0.36894889734705999 -0.015655347643330798 -0.62423842866305834 1.1973807900668545 0.25673547363221466
decision_type=2 2 2 2 2 2 2 2 2 2 2
left_child=-1 5 -3 6 -5 10 -4 8 -7 -9 -2
right_child=1 2 3 4 -6 7 -8 9 -10 -11 -12
leaf_value=0.0060895789571638612 -0.0004753170029017265 -0.0065273421616775205 -0.0020463442382799677 -0.0013964976675463199 -5.6316728558272333e-05 0.0013001698967106373 0.00063327432620840574 0.0012370129515084892 -0.00018910918475306603 -0.0002394938167184591 -0.0014913317753002047
leaf_weight=39 20 26 119 113 764 69 23 308 175 27 27
leaf_count=39 20 26 119 113 764 69 23 308 175 27 27
internal_value=0 -0.000154042 -0.000604647 -0.000431876 -0.000236578 0.000592694 -0.00158751 0.000746524 0.00023057 0.00110807 -0.00117344
internal_weight=1710 1671 1045 1019 877 626 142 579 244 335 47
internal_count=1710 1671 1045 1019 877 626 142 579 244 335 47
is_linear=0
shrinkage=0.03


Tree=10
num_leaves=13
num_cat=0
split_feature=24 20 22 25 22 20 19 24 24 19 20 21
split_gain=1.67739 0.590645 1.09772 0.234157 0.191902 0.163725 0.113445 0.196937 0.190019 0.111167 0.0938611 0.0518625
threshold=-1.2343280590339176 -0.074824401844845734 -0.88851572066331486 1.0000000180025095e-35 0.78990364349229791 0.36894889734705999 -0.87865779564201874 2.1403841602376352 0.6914282087214193 -0.6590524546444404 -1.8751558905096382 -0.040149987775208888
decision_type=2 2 2 2 2 2 2 2 2 2 2 2
left_child=-1 6 -3 5 -5 -4 7 11 10 -10 -8 -2
right_child=1 2 3 4 -6 -7 8 -9 9 -11 -12 -13
leaf_value=0.0059199407216760196 0.002380653535028639 -0.0063517792573648283 -0.0019864634880700652 3.3808123978528506e-05 -0.00096202377604776435 0.00061646820952256142 -8.6903781844051311e-05 -0.0010143329352856828 0.00042128902534941992 -0.0016091646684686684 0.00092292074058445751 0.00084482718014871651
leaf_weight=39 70 26 119 644 233 23 108 23 35 59 287 44
leaf_count=39 70 26 119 644 233 23 108 23 35 59 287 44
internal_value=0 -0.000150133 -0.000587486 -0.00041926 -0.000229732 -0.00154014 0.000574505 0.00133659 0.000348052 -0.000832569 0.000640705 0.00185038
internal_weight=1710 1671 1045 1019 877 142 626 137 489 94 395 114
internal_count=1710 1671 1045 1019 877 142 626 137 489 94 395 114
is_linear=0
shrinkage=0.03


Tree=11
num_leaves=12
num_cat=0
split_feature=14 20 22 25 34 15 34 27 20 25 33
split_gain=1.64334 0.521829 1.08588 0.196341 0.184815 0.171809 0.163353 0.237517 0.146106 0.0718096 0.00331344
threshold=4.4065695578667343 -0.074824401844845734 -0.85581923954340022 1.0000000180025095e-35 -0.43026212445057777 -0.59891126646989468 -0.015655347643330798 -0.62423842866305834 0.36894889734705999 1.1973807900668545 0.25673547363221466
decision_type=2 2 2 2 2 2 2 2 2 2 2
left_child=1 5 -3 8 -5 10 7 -7 -4 -8 -1
right_child=-2 2 3 4 -6 6 9 -9 -10 -11 -12
leaf_value=-0.00045398605604777517 0.0066284529438072988 -0.0070046924227929637 -0.0018553843921285424 -0.0013417367529965022 -5.0960347073737012e-05 0.0014395745279581612 0.0012431165811273017 -0.00049094367134524001 0.00060010808745685688 -0.0002579463441856206 -0.0014507394792512057
leaf_weight=20 30 20 118 113 762 80 309 181 23 27 27
leaf_count=20 30 20 118 113 762 80 309 181 23 27 27
internal_value=0 -0.00013151 -0.000549213 -0.000398945 -0.000225087 0.000535241 0.000677108 9.9057e-05 -0.00142985 0.00111243 -0.00113928
internal_weight=1710 1680 1036 1016 875 644 597 261 141 336 47
internal_count=1710 1680 1036 1016 875 644 597 261 141 336 47
is_linear=0
shrinkage=0.03


Tree=12
num_leaves=10
num_cat=0
split_feature=14 23 24 21 22 22 22 32 19
split_gain=1.55511 0.46849 0.328717 0.29683 0.363641 0.243306 0.0987936 0.129927 0.0747035
threshold=4.4065695578667343 2.3166436685274214 -0.71944781659624457 -0.11073903782040005 0.85529660573212685 -0.73593214210371349 -1.5860406512214913 0.53673947432067892 1.3099143519952954
decision_type=2 2 2 2 2 2 2 2 2
left_child=1 2 6 4 -4 -5 7 -1 -8
right_child=-2 -3 3 5 -6 -7 8 -9 -10
leaf_value=0.0010294235815301595 0.0064476770387793128 -0.0043826887160539618 0.00041108114881248636 -0.0031433720908127724 -0.0023540599836117549 -0.00054894895246078294 0.0014972262805528788 -0.00097932790488832518 0
leaf_weight=59 30 20 584 32 43 699 158 51 34
leaf_count=59 30 20 584 32 43 699 158 51 34
internal_value=-8.43103e-08 -0.000128293 -6.74179e-05 -0.000268451 0.000206378 -0.000678992 0.00082048 7.02704e-05 0.00122721
internal_weight=1710 1680 1660 1358 627 731 302 110 192
internal_count=1710 1680 1660 1358 627 731 302 110 192
is_linear=0
shrinkage=0.03


Tree=13
num_leaves=12
num_cat=0
split_feature=24 20 22 21 22 10 15 28 33 23 33
split_gain=1.48128 0.51394 1.02153 0.205149 0.333234 0.322733 0.165494 0.10504 0.185273 0.0661323 0.00272144
threshold=-1.2343280590339176 -0.074824401844845734 -0.88851572066331486 -0.11073903782040005 0.85529660573212685 -0.75544240541243068 -0.59891126646989468 -0.62901365861023617 -0.78981665735173012 -0.77730672563552783 0.25673547363221466
decision_type=2 2 2 2 2 2 2 2 2 2 2
left_child=-1 6 -3 4 -4 -5 10 9 -9 -8 -2
right_child=1 2 3 5 -6 -7 7 8 -10 -11 -12
leaf_value=0.0055626164280942504 -0.00044379890139174203 -0.0061101130483800486 0.00041247840733518195 0.00044085086119708181 -0.0022880439610959476 -0.0011455032774847333 -0.00015802248440948977 0.001084671606913347 -0.00028272792021653939 0.0013570406592639894 -0.0014042891139164565
leaf_weight=39 20 26 377 150 43 449 25 159 191 204 27
leaf_count=39 20 26 377 150 43 449 25 159 191 204 27
internal_value=-2.18677e-07 -0.00014158 -0.000549636 -0.000387305 0.000114638 -0.000743052 0.000534204 0.000677578 0.000333903 0.00117881 -0.00110672
internal_weight=1710 1671 1045 1019 420 599 626 579 350 229 47
internal_count=1710 1671 1045 1019 420 599 626 579 350 229 47
is_linear=0
shrinkage=0.03


Tree=14
num_leaves=14
num_cat=0
split_feature=14 20 25 20 12 21 15 34 27 28 11 32 33
split_gain=1.44537 0.446065 0.601604 0.561472 0.151782 0.211361 0.151428 0.152116 0.217095 0.150008 0.0728319 0.056071 0.0023691
threshold=4.4065695578667343 -0.074824401844845734 -0.16096495682815817 0.20700319100688588 -1.1759708066467527 -0.11073903782040005 -0.59891126646989468 -0.015655347643330798 -0.62423842866305834 -0.771673924981786 -0.54370708511826338 0.17051369647582196 0.25673547363221466
decision_type=2 2 2 2 2 2 2 2 2 2 2 2 2
left_child=1 6 3 9 11 -6 12 8 -8 -3 -9 -4 -1
right_child=-2 2 4 -5 5 -7 7 10 -10 -11 -12 -13 -14
leaf_value=-0.00043222152518675378 0.0062156276824799454 -0.0067880032230168584 0.0019441745498162857 0.0005908461045473814 8.9745730555717404e-05 -0.00082433242855560614 0.0013508082004855715 0.0022790061899327805 -0.00049540894649528679 -0.0027536942603235892 0.00085231349568697632 3.2356286334106693e-05 -0.001366373289003968
leaf_weight=20 30 21 31 24 415 486 80 39 181 30 297 29 27
leaf_count=20 30 21 31 24 415 486 80 39 181 30 297 29 27
internal_value=-4.2095e-07 -0.000124086 -0.000510374 -0.00304912 -0.000300257 -0.000401089 0.000492182 0.000625624 6.80373e-05 -0.00475526 0.00104546 0.00111329 -0.00107865
internal_weight=1710 1680 1036 75 961 901 644 597 261 51 336 60 47
internal_count=1710 1680 1036 75 961 901 644 597 261 51 336 60 47
is_linear=0
shrinkage=0.03


Tree=15
num_leaves=13
num_cat=0
split_feature=34 34 11 33 15 22 21 33 27 19 15 21
split_gain=1.37951 0.363943 0.729635 0.600741 0.323959 0.309467 0.229355 0.286883 0.182182 0.0852054 0.0810262 0.0343063
threshold=2.2773982993522899 -0.4116012598811995 -1.0541009374707502 0.71385723320965289 0.78661751677456382 0.60462358381278214 -0.1228394463076203 0.37027860811281177 -0.62423842866305834 -0.54617133627191217 -0.63414006179755089 -0.3668740959575984
decision_type=2 2 2 2 2 2 2 2 2 2 2 2
left_child=1 2 3 -1 6 8 10 -8 -4 -6 -3 -7
right_child=-2 4 5 -5 9 11 7 -9 -10 -11 -12 -13
leaf_value=-0.0077117611746490011 0.006725579070341256 -0.00044941392913460727 0.0017591491369016961 -0.00079440974019881743 0.001006331729771131 -0.0010569886980035031 8.2148652004993012e-06 -0.0012904820262063165 -0.00035065131116560983 0.0037067576660960908 0.0005364822017469963 -0.0030673583785537626
leaf_weight=22 24 81 48 24 31 24 510 213 126 22 556 29
leaf_count=22 24 81 48 24 31 24 510 213 126 22 556 29
internal_value=-2.142e-07 -0.000109507 -0.00110672 -0.00443353 8.29782e-05 -0.000370485 -6.8871e-06 -0.000374008 0.000234365 0.00231936 0.000404911 -0.00231597
internal_weight=1710 1686 273 46 1413 227 1360 723 174 53 637 53
internal_count=1710 1686 273 46 1413 227 1360 723 174 53 637 53
is_linear=0
shrinkage=0.03


Tree=16
num_leaves=12
num_cat=0
split_feature=24 20 22 25 34 28 15 28 25 25 17
split_gain=1.32826 0.445243 0.96076 0.189634 0.158991 0.147947 0.14656 0.102468 0.188863 0.0796972 0.0134075
threshold=-1.2343280590339176 -0.074824401844845734 -0.88851572066331486 1.0000000180025095e-35 -0.43026212445057777 -0.74845410771896226 -0.58080265561568134 -0.62901365861023617 -0.50838927432200176 0.95582361545533956 0.018281330244274013
decision_type=2 2 2 2 2 2 2 2 2 2 2
left_child=-1 6 -3 5 -5 -4 10 9 -9 -8 -2
right_child=1 2 3 4 -6 -7 7 8 -10 -11 -12
leaf_value=0.0052673250350136576 -0.0013708347737624801 -0.0059063882664897776 -0.0031397321219145155 -0.0012212833241501356 -2.4593795261406441e-05 -0.00077381750228079518 0.0013490309920068829 -0.00045711743892043157 0.00092569087986235643 -0.00025180998659737772 -0.00015549151664194852
leaf_weight=39 31 26 31 113 764 111 197 157 193 28 20
leaf_count=39 31 26 31 113 764 111 197 157 193 28 20
internal_value=-2.59182e-07 -0.000134212 -0.000514107 -0.000356652 -0.000185832 -0.00136528 0.000494614 0.000635461 0.000298291 0.00113597 -0.000984902
internal_weight=1710 1671 1045 1019 877 142 626 575 350 225 51
internal_count=1710 1671 1045 1019 877 142 626 575 350 225 51
is_linear=0
shrinkage=0.03


Tree=17
num_leaves=13
num_cat=0
split_feature=34 20 22 34 27 25 25 11 20 27 22 22
split_gain=1.31117 0.451058 0.973343 0.169838 0.217067 0.187646 0.153095 0.163962 0.12506 0.118498 0.136664 0.0841834
threshold=2.2773982993522899 -0.074824401844845734 -0.85581923954340022 -0.0086100338936711228 0.82594373218475037 -0.46460232616186531 1.0000000180025095e-35 -0.26028287205486261 0.36894889734705999 -0.54868414613341809 -0.8231227584234857 -1.5860406512214913
decision_type=2 2 2 2 2 2 2 2 2 2 2 2
left_child=1 3 -3 4 5 -1 8 -8 -4 10 -5 -11
right_child=-2 2 6 9 -6 -7 7 -9 -10 11 -12 -13
leaf_value=-0.00048394177210976989 0.0065562279846829675 -0.0066103079651036985 -0.0016617082127900063 0.0032000277764163911 -0.0028030128458352839 0.0010052623159870313 0.00036555618191729363 -0.00049728368960623751 0.00060297590189685045 -0.00072671806243791552 0.00077756386470065396 0.00081629369661946703
leaf_weight=155 24 20 118 39 20 142 295 576 23 33 56 209
leaf_count=155 24 20 118 39 20 142 295 576 23 33 56 209
internal_value=-8.1668e-07 -0.000107411 -0.000498955 0.000505328 0 0.000221001 -0.00035604 -0.000201363 -0.00126659 0.000971088 0.00187018 0.000587316
internal_weight=1710 1686 1032 654 317 297 1012 871 141 337 95 242
internal_count=1710 1686 1032 654 317 297 1012 871 141 337 95 242
is_linear=0
shrinkage=0.03


Tree=18
num_leaves=13
num_cat=0
split_feature=34 34 28 33 15 21 33 24 27 19 22 21
split_gain=1.24214 0.331166 0.585001 0.50945 0.286944 0.20771 0.262954 0.17401 0.19643 0.0804651 0.0744238 0.0458672
threshold=2.2773982993522899 -0.4116012598811995 -0.54094014339242513 0.71385723320965289 0.78661751677456382 -0.1228394463076203 0.37027860811281177 -0.41126608829168537 -0.61808106060267798 -0.54617133627191217 -1.5860406512214913 0.064724578789854728
decision_type=2 2 2 2 2 2 2 2 2 2 2 2
left_child=1 2 3 -1 5 10 -7 11 -9 -6 -3 -4
right_child=-2 4 7 -5 9 6 -8 8 -10 -11 -12 -13
leaf_value=-0.0056511153256986295 0.0063813952263185965 -0.00057622629000494876 0.00024636335230960476 -0.00037613767234827668 0.00091517915639012818 1.0821249292561258e-05 -0.0012323234358789504 0.00049037742911469794 -0.0020856911002783414 0.0035270616303384301 0.00049413515954468588 0.0018438978417493076
leaf_weight=37 24 60 81 31 31 510 213 40 64 22 577 20
leaf_count=37 24 60 81 31 31 510 213 40 64 22 577 20
internal_value=-6.5868e-07 -0.000104456 -0.00105574 -0.0034061 7.90665e-05 -5.38109e-06 -0.000354863 -0.000223802 -0.00108089 0.0021838 0.0003864 0.000635617
internal_weight=1710 1686 273 68 1413 1360 723 205 104 53 637 101
internal_count=1710 1686 273 68 1413 1360 723 205 104 53 637 101
is_linear=0
shrinkage=0.03


Tree=19
num_leaves=13
num_cat=0
split_feature=14 34 11 13 22 21 33 30 17 11 3 15
split_gain=1.20994 0.316077 0.831975 0.30719 0.304157 0.284644 0.258474 0.176715 0.087559 0.0357136 0.0298583 0.011752
threshold=4.4065695578667343 -0.4116012598811995 -1.2416186909200861 -1.0308278871469068 0.75720716237238339 -0.1228394463076203 0.37027860811281177 -1.5457911421737298 -0.56078740238338842 -0.95216905362901805 -0.26401264407576147 -0.5098068774855562
decision_type=2 2 2 2 2 2 2 2 2 2 2 2
left_child=1 2 -1 9 7 8 -7 -4 -5 10 -3 -6
right_child=-2 3 4 5 11 6 -8 -9 -10 -11 -12 -13
leaf_value=-0.0053092136320192366 0.0056869273735210297 0.0026693806079274504 0.0023292381584740659 -0.00051722604080418086 -0.001271622713364195 -0.00010844516596043081 -0.0014141352519119331 -0.0002060329888233725 0.00052423868820571247 0.00066065469978226197 0.00089669811523829896 -0.0030263841949403282
leaf_weight=33 30 39 26 78 21 482 191 159 566 34 24 27
leaf_count=33 30 39 26 78 21 482 191 159 566 34 24 27
internal_value=-2.19251e-07 -0.000113514 -0.00105677 6.3675e-05 -0.000381949 -5.57134e-05 -0.000488074 0.000165801 0.000391648 0.00166769 0.00211098 -0.00243746
internal_weight=1710 1680 266 1414 233 1317 673 185 644 97 63 48
internal_count=1710 1680 266 1414 233 1317 673 185 644 97 63 48
is_linear=0
shrinkage=0.03


end of trees

feature_importances:
Column_22=34
Column_20=28
Column_24=20
Column_33=20
Column_34=19
Column_25=18
Column_15=17
Column_21=13
Column_27=10
Column_19=8
Column_11=6
Column_14=6
Column_23=6
Column_28=6
Column_17=4
Column_10=3
Column_12=2
Column_13=2
Column_32=2
Column_3=1
Column_7=1
Column_30=1

parameters:
[boosting: gbdt]
[objective: regression]
[metric: l2]
[tree_learner: serial]
[device_type: cpu]
[data_sample_strategy: bagging]
[data: ]
[valid: ]
[num_iterations: 200]
[learning_rate: 0.03]
[num_leaves: 31]
[num_threads: 40]
[seed: 42]
[deterministic: 0]
[force_col_wise: 0]
[force_row_wise: 0]
[histogram_pool_size: -1]
[max_depth: 5]
[min_data_in_leaf: 20]
[min_sum_hessian_in_leaf: 0.001]
[bagging_fraction: 0.8]
[pos_bagging_fraction: 1]
[neg_bagging_fraction: 1]
[bagging_freq: 0]
[bagging_seed: 400]
[bagging_by_query: 0]
[feature_fraction: 0.8]
[feature_fraction_bynode: 1]
[feature_fraction_seed: 30056]
[extra_trees: 0]
[extra_seed: 12879]
[early_stopping_round: 0]
[early_stopping_min_delta: 0]
[first_metric_only: 0]
[max_delta_step: 0]
[lambda_l1: 0.1]
[lambda_l2: 3]
[linear_lambda: 0]
[min_gain_to_split: 0]
[drop_rate: 0.1]
[max_drop: 50]
[skip_drop: 0.5]
[xgboost_dart_mode: 0]
[uniform_drop: 0]
[drop_seed: 17869]
[top_rate: 0.2]
[other_rate: 0.1]
[min_data_per_group: 100]
[max_cat_threshold: 32]
[cat_l2: 10]
[cat_smooth: 10]
[max_cat_to_onehot: 4]
[top_k: 20]
[monotone_constraints: ]
[monotone_constraints_method: basic]
[monotone_penalty: 0]
[feature_contri: ]
[forcedsplits_filename: ]
[refit_decay_rate: 0.9]
[cegb_tradeoff: 1]
[cegb_penalty_split: 0]
[cegb_penalty_feature_lazy: ]
[cegb_penalty_feature_coupled: ]
[path_smooth: 0]
[interaction_constraints: ]
[verbosity: -1]
[saved_feature_importance_type: 0]
[use_quantized_grad: 0]
[num_grad_quant_bins: 4]
[quant_train_renew_leaf: 0]
[stochastic_rounding: 1]
[linear_tree: 0]
[max_bin: 255]
[max_bin_by_feature: ]
[min_data_in_bin: 3]
[bin_construct_sample_cnt: 200000]
[data_random_seed: 175]
[is_enable_sparse: 1]
[enable_bundle: 1]
[use_missing: 1]
[zero_as_missing: 0]
[feature_pre_filter: 1]
[pre_partition: 0]
[two_round: 0]
[header: 0]
[label_column: ]
[weight_column: ]
[group_column: ]
[ignore_column: ]
[categorical_feature: ]
[forcedbins_filename: ]
[precise_float_parser: 0]
[parser_config_file: ]
[objective_seed: 16083]
[num_class: 1]
[is_unbalance: 0]
[scale_pos_weight: 1]
[sigmoid: 1]
[boost_from_average: 1]
[reg_sqrt: 0]
[alpha: 0.9]
[fair_c: 1]
[poisson_max_delta_step: 0.7]
[tweedie_variance_power: 1.5]
[lambdarank_truncation_level: 30]
[lambdarank_norm: 1]
[label_gain: ]
[lambdarank_position_bias_regularization: 0]
[eval_at: ]
[multi_error_top_k: 1]
[auc_mu_weights: ]
[num_machines: 1]
[local_listen_port: 12400]
[time_out: 120]
[machine_list_filename: ]
[machines: ]
[gpu_platform_id: -1]
[gpu_device_id: -1]
[gpu_device_id_list: ]
[gpu_use_dp: 0]
[num_gpu: 1]

end of parameters

pandas_categorical:null
