tree
version=v4
num_class=1
num_tree_per_iteration=1
label_index=0
max_feature_idx=34
objective=regression
feature_names=Column_0 Column_1 Column_2 Column_3 Column_4 Column_5 Column_6 Column_7 Column_8 Column_9 Column_10 Column_11 Column_12 Column_13 Column_14 Column_15 Column_16 Column_17 Column_18 Column_19 Column_20 Column_21 Column_22 Column_23 Column_24 Column_25 Column_26 Column_27 Column_28 Column_29 Column_30 Column_31 Column_32 Column_33 Column_34
feature_infos=[-8.462700426403531:8.1423752378496506] [-9.671812985383383:7.280747449231785] [-8.4610445220347152:8.1439685069030574] [-8.4593672745220552:8.1434475585298109] [-8.4673570304789418:8.1488769243437851] [-8.4765534658163535:8.1559897639651666] [-8.4816097452399681:8.1598398541781201] [-0.93838224042416474:12.162607937009309] [-7.1982963524936938:9.0601014050255344] [-6.9886183601958569:10.018686400913587] [-6.4435983884191748:6.2110810337907543] [-5.2023210769296186:4.2925703392607755] [-7.5845945682081215:7.8329999701251953] [-6.763263405448023:4.5973554778693693] [-0.98350423082904548:8.2934125343062917] [-0.87450854727552341:6.7050688462283432] [-3.0189979200458645:2.5513807062958613] [-8.4455843367489329:6.4226649385398096] none [-1.7193816118282585:2.3267353573871792] [-2.035385071475909:1.3720223901193438] [-1.7219058053442446:3.4523481718720967] [-1.9282160964760828:2.3600642168359345] [-1.2421892923091613:7.6519005228435795] [-1.3383302853182344:2.2853926378279543] [-2.7443057515472655:1.2032955580943032] [-0.2885157099241123:6.4503869433033678] [-0.65905633066338742:3.5989636645746934] [-0.84442004096313938:2.4902147596929476] [-2.0518405030751876:2.4334285842313959] [-2.0818761666020871:2.3093185495400363] [-5.7426967087935852:6.0267731226301082] [-2.3393435768429685:2.3550982877872699] [-2.5481098672147704:2.526720058812558] [-7.4177397993557816:9.1371306420987608]
tree_sizes=2094 2337 1909 2093 2162 1642 1916 2233 2164 2010 1912 2009 2254 1988 1822 2182

Tree=0
num_leaves=23
num_cat=0
split_feature=20 19 11 25 22 33 20 25 33 24 16 22 19 23 19 17 33 11 19 24 22 19
split_gain=50.3286 13.3837 9.07732 6.51137 3.67796 3.65472 3.42831 3.38219 1.86646 1.40837 1.22439 1.17077 1.02664 1.33131 0.8393 0.719051 0.438208 0.356449 0.3045 0.194878 0.0815573 0.0164705
threshold=-0.6777783500785256 -0.10800107201273292 -0.66670005730755555 0.9698435983410042 0.20442733011742711 0.25429148191549222 -0.391424276824753 0.10830186771924306 -0.47881820949640863 -0.52879887066694764 0.82528229855734159 -1.3418828632886486 0.35763982038539671 -0.9646647242460995 1.0532097938870815 -0.50442898850549289 -0.53042744539491127 -0.051304397780012258 -0.82510101949530246 -0.60949615778274469 0.74477364305486626 1.0839452118713322
decision_type=2 2 2 2 2 2 2 2 2 2 2 2 2 2 2 2 2 2 2 2 2 2
left_child=2 3 21 6 12 10 -2 -8 -5 19 17 -7 15 -14 -11 -3 -12 -4 -13 -6 -10 -1
right_child=1 4 5 8 9 11 7 -9 20 14 16 18 13 -15 -16 -17 -18 -19 -20 -21 -22 -23
leaf_value=0.087971819490205855 0.074092306881025458 0.083828578401407866 0.080461177542892295 0.066585663958532493 0.070493014825551564 0.08556909870178929 0.062751494761416365 0.067671527473204346 0.07439859724686583 0.07476330421724206 0.07590768133870196 0.083390563041184654 0.077573063959408911 0.071976824511073609 0.069562360456426248 0.077020666527260861 0.071097066306450338 0.076996497294589794 0.078274328667375395 0.066909382931330252 0.072928566563805364 0.097230537928853736
leaf_weight=34 39 20 56 39 30 87 282 254 77 80 29 21 73 74 39 64 33 97 63 55 68 21
leaf_count=34 39 20 56 39 30 87 282 254 77 80 29 21 73 74 39 64 33 97 63 55 68 21
internal_value=0.0728215 0.0696217 0.0814479 0.0672241 0.0738081 0.0797052 0.0656587 0.0650358 0.0721684 0.0708966 0.0769863 0.0829757 0.0763838 0.0747754 0.072996 0.0789997 0.0733396 0.0784064 0.0799082 0.0680176 0.0737456 0.0926384
internal_weight=1635 1194 441 759 435 386 575 536 184 204 215 171 231 147 119 84 62 153 84 85 145 55
internal_count=1635 1194 441 759 435 386 575 536 184 204 215 171 231 147 119 84 62 153 84 85 145 55
is_linear=0
shrinkage=1


Tree=1
num_leaves=25
num_cat=0
split_feature=20 19 11 20 20 24 22 33 20 24 22 11 19 23 19 19 24 17 19 11 24 32 20 19
split_gain=47.5057 12.6085 8.61184 5.5913 6.77378 5.20875 3.47682 3.44944 2.36823 1.32973 1.09588 1.03935 0.9726 1.25605 0.79257 0.731361 0.696085 0.684079 0.290557 0.191987 0.18258 0.144054 0.0261142 0.0197062
threshold=-0.6777783500785256 -0.10800107201273292 -0.66670005730755555 0.74163140871175792 0.19158437591494257 -0.40223350140888098 0.20442733011742711 0.25429148191549222 -0.44910711172479356 -0.52879887066694764 -1.3418828632886486 0.46937064213164825 0.35763982038539671 -0.9646647242460995 1.0532097938870815 1.7094185585467889 -0.54893708396917673 -0.50442898850549289 -0.82510101949530246 -0.051304397780012258 -0.60949615778274469 0.091490700338059186 0.25956771704713327 1.0839452118713322
decision_type=2 2 2 2 2 2 2 2 2 2 2 2 2 2 2 2 2 2 2 2 2 2 2 2
left_child=2 3 23 4 8 16 12 11 -2 20 -9 19 17 -14 -11 -13 -5 -3 -12 -4 -8 -7 -6 -1
right_child=1 6 7 5 22 21 9 10 -10 14 18 15 13 -15 -16 -17 -18 -19 -20 -21 -22 -23 -24 -25
leaf_value=0.014732663231926993 0.0039903787951916453 0.010719938182960386 0.0074221418641381345 -0.0024773384507077384 -0.010882419423262277 -0.008162587754130363 -0.0022649801265109668 0.012377918907006579 -0.0061551579877687276 0.0018856565637643036 0.010291626110672952 -0.0011359460189656176 0.0046146447974698326 -0.00082032164005266326 -0.0031683482799146857 0.003912208875151057 0.001103814014063557 0.0040788331549725873 0.0052966802792030979 0.0042413218569417946 -0.005743926693653238 -0.0045704683408141142 -0.016030063375830648 0.023768301188945767
leaf_weight=34 20 20 56 66 42 97 30 87 275 80 21 44 73 74 39 54 164 64 63 61 55 32 63 21
leaf_count=34 20 20 56 66 42 97 30 87 275 80 21 44 73 74 39 54 164 64 63 61 55 32 63 21
internal_value=2.53991e-06 -0.00310438 0.00838536 -0.00543159 -0.00786612 -0.00266802 0.000958757 0.00668779 -0.00542401 -0.00187175 0.00986547 0.00404568 0.0034632 0.00189699 0.000167532 0.00164957 4.46377e-05 0.00600966 0.00689172 0.00593626 -0.00466923 -0.00741837 -0.0143583 0.0192853
internal_weight=1635 1194 441 759 400 359 435 386 295 204 171 215 231 147 119 98 230 84 84 117 85 129 105 55
internal_count=1635 1194 441 759 400 359 435 386 295 204 171 215 231 147 119 98 230 84 84 117 85 129 105 55
is_linear=0
shrinkage=0.03


Tree=2
num_leaves=20
num_cat=0
split_feature=20 19 11 25 33 25 25 20 25 9 33 16 20 32 19 33 11 14 19
split_gain=44.8619 11.8958 8.16964 5.67363 3.25485 3.22676 2.68165 2.42847 3.09783 2.65803 1.64203 1.10156 0.989415 0.608905 0.52467 0.39152 0.313166 0.0534768 0.022482
threshold=-0.6777783500785256 -0.085684425905623168 -0.66670005730755555 0.9698435983410042 0.25429148191549222 -0.46112669211436175 -0.28652303343855151 1.0000000180025095e-35 0.93679475615119112 -1.4771685188064858 -0.47881820949640863 0.82528229855734159 -1.4770976336933732 -0.99484531016826871 -0.82510101949530246 -0.53042744539491127 -0.051304397780012258 0.33212091751186951 1.0839452118713322
decision_type=2 2 2 2 2 2 2 2 2 2 2 2 2 2 2 2 2 2 2
left_child=2 3 18 5 11 -2 -7 13 9 -9 -5 16 -6 -3 -14 -13 -4 -12 -1
right_child=1 7 4 10 12 6 -8 8 -10 -11 17 15 14 -15 -16 -17 -18 -19 -20
leaf_value=0.014326519421629002 -0.017270801026087541 0.00031377314372742871 0.0072107993566383746 -0.0058449993186763353 0.011527268976808707 0.001387996010808842 -0.006701676176538854 0.0095304952690620798 0.0057539693591269576 -0.0012572940596728586 0.00057623951778077744 0.0029006461522076278 0.010021470721811056 -0.0050051891739879336 0.0038338516732447365 -0.0016457723642864339 0.0039487821098172574 0.0022621212963662716 0.023144383236765861
leaf_weight=34 23 26 56 39 104 38 524 20 129 190 125 29 21 60 46 33 97 20 21
leaf_count=34 23 26 56 39 104 38 524 20 129 190 125 29 21 60 46 33 97 20 21
internal_value=5.15733e-06 -0.00301402 0.00815141 -0.00523396 0.00649789 -0.00667333 -0.00614491 0.0010043 0.00215224 -9.60393e-05 -0.000608035 0.00393068 0.00958501 -0.00340705 0.00616249 0.000470352 0.00527766 0.000870185 0.018768
internal_weight=1635 1194 441 769 386 585 562 425 339 210 184 215 171 86 67 62 153 145 55
internal_count=1635 1194 441 769 386 585 562 425 339 210 184 215 171 86 67 62 153 145 55
is_linear=0
shrinkage=0.03


Tree=3
num_leaves=22
num_cat=0
split_feature=20 19 11 21 21 11 33 24 25 22 23 11 16 22 23 24 33 11 19 20 19
split_gain=42.3474 11.2252 7.7512 5.95285 3.56309 3.2327 3.07095 2.85827 2.52989 2.30994 1.98008 1.12173 1.03871 0.975568 0.805445 0.777812 0.370519 0.295321 0.269334 0.238859 0.0248388
threshold=-0.6777783500785256 -0.10800107201273292 -0.66670005730755555 0.012645788760470967 -0.19720339542127069 -0.81089250719673489 0.25429148191549222 -0.40223350140888098 0.10830186771924306 -0.33017061778876272 -0.54323843860219945 -0.029254641413566065 0.82528229855734159 -1.3418828632886486 0.27180114818791157 -0.54893708396917673 -0.53042744539491127 -0.051304397780012258 -0.82510101949530246 0.86523748349755913 1.0839452118713322
decision_type=2 2 2 2 2 2 2 2 2 2 2 2 2 2 2 2 2 2 2 2 2
left_child=2 3 20 7 -3 14 12 15 10 -9 -5 -7 17 -8 -6 -2 -14 -4 -15 -10 -1
right_child=1 4 6 8 5 11 13 9 19 -11 -12 -13 16 18 -16 -17 -18 -19 -20 -21 -22
leaf_value=0.013931572263305251 -0.0034340834916071145 0.0055567775278075318 0.0070054751048653817 -0.013689119533300398 0.0024471433884773429 7.149615586339997e-06 0.011684668310483296 0.0034319257072359323 -0.0045310933828353883 -0.0065459084889283687 -0.0075070586286650354 -0.003763693884323383 0.0028217848625499754 0.0097584072984755032 0.010507430611097294 0.0011081595935349469 -0.0016005136244396756 0.0038338725494267423 0.0049757658881135289 -0.00078704827364534146 0.022536843523383136
leaf_weight=34 40 108 56 72 29 136 87 22 102 144 200 142 29 21 20 157 33 97 63 22 21
leaf_count=34 40 108 56 72 29 136 87 22 102 144 200 142 29 21 20 157 33 97 63 22 21
internal_value=8.6297e-06 -0.00292467 0.00792334 -0.00512056 0.000908767 -0.000653825 0.00631263 -0.00230549 -0.00765679 -0.00516835 -0.00928588 -0.00192791 0.0038183 0.00931162 0.00621114 0.0001332 0.000456594 0.00512635 0.00650118 -0.00392473 0.0182647
internal_weight=1635 1194 441 759 435 327 386 363 396 166 272 278 215 171 49 197 62 153 84 124 55
internal_count=1635 1194 441 759 435 327 386 363 396 166 272 278 215 171 49 197 62 153 84 124 55
is_linear=0
shrinkage=0.03


Tree=4
num_leaves=23
num_cat=0
split_feature=22 21 22 19 11 24 25 33 21 24 14 11 11 22 19 11 25 11 25 21 11 17
split_gain=37.1946 11.0606 7.30038 6.30869 5.16637 2.68783 2.55577 2.08596 1.88893 1.82808 1.72862 1.34255 1.32793 1.28597 1.01552 0.876616 0.559464 0.373488 0.208467 0.206138 0.0653479 0.0194301
threshold=-0.80728491538245895 0.0167009388703553 0.71028345286737016 -0.10800107201273292 -3.8489856375044287 -0.40223350140888098 0.10830186771924306 0.56801227964438239 -0.14752916009653608 0.76627807208685406 -0.30752714268295162 0.22509319286796697 -0.15683782042547559 -1.0372195166324329 0.7709877182876459 0.60593279448165582 0.18802288962421729 -0.81969913520451498 0.91733830063738775 0.90779987269731421 0.99631356559076434 0.0090616922520333609
decision_type=2 2 2 2 2 2 2 2 2 2 2 2 2 2 2 2 2 2 2 2 2 2
left_child=4 2 8 6 -1 21 10 9 15 13 -3 -10 17 -6 20 -2 -14 -5 -7 -8 -9 -4
right_child=1 3 5 12 7 18 19 14 11 -11 -12 -13 16 -15 -16 -17 -18 -19 -20 -21 -22 -23
leaf_value=0.022391042329370971 0.0045796610191279861 -0.013595896269168172 0.00077706012802153087 0.004004703948067294 0.0055086215343780635 -0.0082880303697550981 -0.00081243561534211041 0.0073623678059401834 0.0026461939881701258 0.012531687696065223 -0.0075720525087846309 -0.0041549974643214803 -3.1714004428627395e-05 -0.00047641115424533687 0.012318452199509267 0.0011945436283317835 -0.0044234657565987582 0 -0.005001579382804348 -0.0043990443182843073 0.00350684345934702 -0.00012448770731586861
leaf_weight=21 243 67 38 24 120 65 21 30 45 25 191 54 36 42 92 103 108 90 64 102 20 34
leaf_count=21 243 67 38 24 120 65 21 30 45 25 191 54 36 42 92 103 108 90 64 102 20 34
internal_value=1.18185e-05 -0.00235086 0.000414426 -0.00513998 0.00864097 -0.00428646 -0.00758096 0.00755987 0.00255893 0.00530005 -0.00928617 -0.00104723 -0.00147807 0.00395831 0.0103439 0.00359948 -0.00336899 0.000909952 -0.006831 -0.00384443 0.00616256 0.000323379
internal_weight=1635 1285 646 639 350 201 381 329 445 187 258 99 258 162 142 346 144 114 129 123 50 72
internal_count=1635 1285 646 639 350 201 381 329 445 187 258 99 258 162 142 346 144 114 129 123 50 72
is_linear=0
shrinkage=0.03


Tree=5
num_leaves=17
num_cat=0
split_feature=20 23 11 11 22 20 24 33 20 11 22 14 33 22 11 11
split_gain=37.926 7.86457 7.13181 4.70858 3.98411 5.00708 3.19529 2.77394 0.87532 0.865551 0.840232 0.797959 0.599775 0.307016 0.204509 0.158584
threshold=-0.6777783500785256 -0.98884991060786109 -0.66670005730755555 -1.5739593807915346 -0.28418369753876788 -0.391424276824753 -0.40223350140888098 0.25429148191549222 0.65098695386883698 0.46937064213164825 -1.3418828632886486 1.3833815279544399 -0.45628323181219088 0.26191098042992073 0.72202680676475017 -0.051304397780012258
decision_type=2 2 2 2 2 2 2 2 2 2 2 2 2 2 2 2
left_child=2 8 -1 11 5 -5 -6 9 -2 15 -9 -3 -11 -10 -12 -4
right_child=1 3 7 4 6 -7 -8 10 13 12 14 -13 -14 -15 -16 -17
leaf_value=0.017420770353284376 -0.00082324533049876866 0.0013256738462671636 0.0066622478572999017 0.0018487842109484167 -0.0010462410672117909 -0.010336186890683646 -0.0049003046753366376 0.011022627118229865 0.0049558282871689412 0.0032620180702670628 0.0085857512095282151 0.0097200212841448575 -0.0013702400374043331 0.00078423702523112298 0.004552384403076465 0.0037725081291573588
leaf_weight=55 36 22 56 36 351 156 441 87 110 59 28 20 39 22 56 61
leaf_count=55 36 22 56 36 351 156 441 87 110 59 28 20 39 22 56 61
internal_value=1.29138e-05 -0.00276295 0.00750315 -0.00374903 -0.00417473 -0.00804283 -0.00320642 0.00595885 0.0032018 0.00358811 0.00880911 0.00577116 0.00140292 0.00431566 0.00618102 0.00531261
internal_weight=1635 1194 441 1026 984 192 792 386 168 215 171 42 98 132 84 117
internal_count=1635 1194 441 1026 984 192 792 386 168 215 171 42 98 132 84 117
is_linear=0
shrinkage=0.03


Tree=6
num_leaves=20
num_cat=0
split_feature=20 19 20 21 21 33 23 24 24 25 25 22 16 16 24 25 10 33 19
split_gain=35.7684 9.58475 5.30385 4.97204 3.06884 2.87585 2.66415 2.40187 2.35821 2.02304 1.37012 1.05842 1.04693 0.902821 0.674189 0.387533 0.356518 0.31746 0.25133
threshold=-0.6777783500785256 -0.10800107201273292 -0.74782179245714631 0.012645788760470967 -0.19720339542127069 0.25429148191549222 0.37700665984896115 -0.40223350140888098 -0.7038114989758687 -0.051315003818017658 0.10830186771924306 -1.3418828632886486 0.82528229855734159 -0.22711768618736197 -0.54893708396917673 -1.0170508180551636 -0.68659581990558094 -0.26076769120963988 -0.82510101949530246
decision_type=2 2 2 2 2 2 2 2 2 2 2 2 2 2 2 2 2 2 2
left_child=2 3 5 7 -3 12 13 14 -5 -9 -10 -7 15 -6 -2 -1 -4 -14 -13
right_child=1 4 16 8 6 11 -8 9 10 -11 -12 18 17 -15 -16 -17 -18 -19 -20
leaf_value=0.003971492693558335 -0.0032202686555250445 0.0051756035882878941 0.021453426640966659 -0.016085764357676873 0.00037450669784869607 0.011174337313771248 0.0088221382918953883 0.0013781831165274175 -0.0076384550982287946 -0.0064740100961486642 -0.0035808037567414399 0.0091193772591650485 0.0020244095786928944 -0.0028603998000052595 0.0010088455588876969 0.0079089303346056676 0.011089100550860168 -0.0021521688134719928 0.0045609677452170721
leaf_weight=122 40 108 20 23 142 97 22 36 249 130 124 21 38 163 157 35 21 24 63
leaf_count=122 40 108 20 23 142 97 22 36 249 130 124 21 38 163 157 35 21 24 63
internal_value=1.5902e-05 -0.00267979 0.00729 -0.00470897 0.000861924 0.00613199 -0.000587786 -0.00213484 -0.00702727 -0.00475914 -0.00633684 0.0089311 0.00371562 -0.00135559 9.97187e-05 0.00499985 0.0173311 0.000336804 0.00601022
internal_weight=1635 1194 441 759 435 400 327 363 396 166 373 181 219 305 197 157 41 62 84
internal_count=1635 1194 441 759 435 400 327 363 396 166 373 181 219 305 197 157 41 62 84
is_linear=0
shrinkage=0.03


Tree=7
num_leaves=24
num_cat=0
split_feature=22 21 22 19 14 24 25 33 24 21 14 16 25 22 19 22 25 25 21 28 21 9 17
split_gain=31.5028 9.31686 6.20982 5.34149 4.07771 2.29499 2.18445 2.1546 1.9187 1.60813 1.58115 1.15973 0.886266 0.825781 0.77085 0.741658 0.511547 0.212648 0.179659 0.160656 0.102407 0.0958021 0.0182826
threshold=-0.80728491538245895 0.0167009388703553 0.71028345286737016 -0.10800107201273292 2.5782480969647312 -0.40223350140888098 0.10830186771924306 0.56801227964438239 0.76627807208685406 -0.14752916009653608 -0.30752714268295162 0.29404719928096196 0.18802288962421729 -0.94524567613244337 0.69299676766842688 0.1929306000549284 1.0764985442595274 0.91733830063738775 0.90779987269731421 -0.76394271129154878 -1.2221191891114562 -1.6543130999186137 0.0090616922520333609
decision_type=2 2 2 2 2 2 2 2 2 2 2 2 2 2 2 2 2 2 2 2 2 2 2
left_child=4 2 9 6 7 22 10 8 13 16 -3 -11 19 -1 20 -14 -2 -7 -8 -5 -9 -6 -4
right_child=1 3 5 12 21 17 18 14 -10 11 -12 -13 15 -15 -16 -17 -18 -19 -20 -21 -22 -23 -24
leaf_value=0.003721063273900654 0.0024747344466409735 -0.012642224752051489 0.0007443450454440785 0.003282419628202915 0.019767766438722609 -0.0077291996816501894 -0.00068150884672650135 0.0028223687517861628 0.011523754547749246 0.0023989290289369372 -0.0069105471837396662 -0.003911790718357744 0 -0.002265202597081661 0.01108639809116721 -0.0039820002606628753 0.0050855268193494277 -0.0045322999368671941 -0.0040236799231597358 0.00029746338476276942 0.0069095302239920086 0.010845470103232757 -0.00012964084314660645
leaf_weight=125 240 67 38 22 22 65 21 20 25 46 191 53 69 22 93 111 106 64 102 56 23 20 34
leaf_count=125 240 67 38 22 22 65 21 20 25 46 191 53 69 22 93 111 106 64 102 56 23 20 34
internal_value=1.82299e-05 -0.00215603 0.000381575 -0.0047159 0.00795985 -0.00395357 -0.0069621 0.0066244 0.00424189 0.00235975 -0.0085387 -0.000965811 -0.00134546 0.00277777 0.0094594 -0.00249604 0.00332001 -0.00630492 -0.00350669 0.0012668 0.00538179 0.016592 0.000302952
internal_weight=1635 1285 646 639 350 201 381 308 172 445 258 99 258 147 136 180 346 129 123 78 43 42 72
internal_count=1635 1285 646 639 350 201 381 308 172 445 258 99 258 147 136 180 346 129 123 78 43 42 72
is_linear=0
shrinkage=0.03


Tree=8
num_leaves=23
num_cat=0
split_feature=22 21 22 19 14 34 25 32 23 21 10 30 25 22 15 22 25 33 22 21 28 15
split_gain=29.762 8.77712 5.85624 5.03721 3.8787 2.10875 2.05646 1.95163 1.5222 1.51548 1.10261 0.963224 0.837573 0.698517 0.662602 0.491659 0.359622 0.315849 0.291122 0.16839 0.152144 0.00949234
threshold=-0.80728491538245895 0.0167009388703553 0.71028345286737016 -0.10800107201273292 2.5782480969647312 -0.023361772066865977 0.10830186771924306 0.15695380435811354 -0.54323843860219945 -0.14752916009653608 -0.037370998047197866 0.67790992915761217 0.18802288962421729 0.1929306000549284 1.0000000180025095e-35 0.30789790067991557 0.9698435983410042 0.52918348236890045 -1.0372195166324329 0.90779987269731421 -0.76394271129154878 -0.41011563793896028
decision_type=2 2 2 2 2 2 2 2 2 2 2 2 2 2 2 2 2 2 2 2 2 2
left_child=4 2 9 6 5 11 8 21 -3 15 -11 18 20 -14 17 -2 -9 -7 -1 -8 -5 -4
right_child=1 3 7 12 -6 14 19 16 -10 10 -12 -13 13 -15 -16 -17 -18 -19 -20 -21 -22 -23
leaf_value=0.0029938180469847343 0.0037654420152149963 -0.012120008925199509 -0.005526033138541075 0.0031957637849450112 0.01615746596554915 0.0041880276917534718 -0.00066361923146178014 -0.0038347837285966505 -0.0066221848356552296 0.0028960576605324335 -0.0033959671028133014 0.0089420333718476085 0 -0.0038656838884283048 0.010977294895648955 0.00076922504776431345 0.00014497381440122371 0.0081583828769624216 -0.00030509627182701867 -0.0039064183601311272 0.00028899325519011912 -0.0082370543248951444
leaf_weight=74 281 72 62 22 42 48 21 24 186 38 61 20 69 111 72 65 78 62 32 102 56 37
leaf_count=74 281 72 62 22 42 48 21 24 186 38 61 20 69 111 72 65 78 62 32 102 56 37
internal_value=1.96176e-05 -0.00209367 0.000369212 -0.00457829 0.00773875 0.00643631 -0.00675962 -0.00384054 -0.00828963 0.00229038 -0.00093729 0.00329855 -0.00130487 -0.00242358 0.00850368 0.00322262 -0.000845679 0.0066096 0.00198941 -0.00340556 0.00123389 -0.00678112
internal_weight=1635 1285 646 639 350 308 381 201 258 445 99 126 258 180 182 346 102 110 106 123 78 99
internal_count=1635 1285 646 639 350 308 381 201 258 445 99 126 258 180 182 346 102 110 106 123 78 99
is_linear=0
shrinkage=0.03


Tree=9
num_leaves=21
num_cat=0
split_feature=20 19 11 25 24 21 11 33 24 11 29 16 16 22 19 19 21 20 22 25
split_gain=30.4015 8.66687 6.05203 4.7611 3.53039 2.65943 2.89548 2.61765 1.57684 1.00337 0.979269 0.704898 0.620446 0.535393 0.496126 0.375683 0.331299 0.319041 0.244244 0.207413
threshold=-0.52121065534984423 -0.16548334228862163 -0.66670005730755555 0.10830186771924306 -0.40223350140888098 -0.19720339542127069 -0.22527133152372841 0.25429148191549222 -0.7038114989758687 -1.489681623388041 0.25157968079233356 1.5119188091231393 0.82528229855734159 0.4803488516173961 -0.57569835295134442 1.0839452118713322 -0.47092022703275821 1.2566567203192631 -0.96823913625744062 0.5641857140548604
decision_type=2 2 2 2 2 2 2 2 2 2 2 2 2 2 2 2 2 2 2 2
left_child=2 3 15 8 19 -3 9 12 -2 -7 -10 18 14 -8 -4 -1 -14 -6 -9 -5
right_child=1 5 7 4 17 6 13 11 10 -11 -12 -13 16 -15 -16 -17 -18 -19 -20 -21
leaf_value=0.011279915655819843 -0.015065427530270355 0.0047165654720073297 0.0072862764025727906 -0.001511098086883846 -0.0037994051620393512 0.0084876136201555308 -0.0039703242828703616 0.0096052164172967976 -0.0053810369451457139 0.0014812674461448889 -0.0096381007140236234 0.0032741443410515786 -0.0014184336977935319 -0.0003673277747247515 0.0030601126087867483 0.019873299628496169 0.0023775254051889411 -0.0063830404289066788 0.0051269112177542413 0.00084356867515964916
leaf_weight=36 23 109 33 39 124 20 137 110 188 112 81 32 34 54 144 21 43 107 29 159
leaf_count=36 23 109 33 39 124 20 137 110 188 112 81 32 34 54 144 21 43 107 29 159
internal_value=1.98015e-05 -0.00262328 0.00632567 -0.00463059 -0.00257978 0.000728812 -0.000638718 0.00501185 -0.00757654 0.00273008 -0.0067661 0.00787383 0.00300399 -0.00298857 0.00397301 0.0153313 0.000673552 -0.00507547 0.00882007 0.000349214
internal_weight=1635 1153 482 721 429 432 323 425 292 132 269 171 254 191 177 57 77 231 139 198
internal_count=1635 1153 482 721 429 432 323 425 292 132 269 171 254 191 177 57 77 231 139 198
is_linear=0
shrinkage=0.03


Tree=10
num_leaves=20
num_cat=0
split_feature=20 19 20 21 21 33 23 24 23 25 20 16 22 16 10 25 22 33 19
split_gain=28.7397 7.64588 4.53498 3.9274 2.46182 2.33095 2.11425 2.0346 1.94226 1.5264 1.09525 0.895269 0.838424 0.755803 0.332317 0.307493 0.276742 0.273549 0.242612
threshold=-0.6777783500785256 -0.10800107201273292 -0.74782179245714631 0.012645788760470967 -0.19720339542127069 0.25429148191549222 0.37700665984896115 -0.7038114989758687 -0.37212849448044089 1.0183399349002473 0.74163140871175792 0.82528229855734159 -1.3418828632886486 -0.66588252813489091 -0.68659581990558094 -1.0170508180551636 -0.45088628344499904 -0.26076769120963988 -0.82510101949530246
decision_type=2 2 2 2 2 2 2 2 2 2 2 2 2 2 2 2 2 2 2
left_child=2 3 5 8 -3 11 13 -5 9 -2 -9 15 -7 -6 -4 -1 -10 -13 -14
right_child=1 4 14 7 6 12 -8 10 16 -11 -12 17 18 -15 -16 -17 -18 -19 -20
leaf_value=0.003559801378570497 -0.0053063010019787507 0.0046313290956455297 0.019667693666789842 -0.014665614187717438 0.0010124341600200796 0.0099948838752508141 0.0078508782166242606 -0.0062301601614926884 0.0035047306803905444 0.00096239493473944014 -0.0010762221188851981 0.0017530032931713433 0.0083604701720178115 -0.0021916310932443188 0.01003095393255353 0.0070856118135546381 -1.4474871616112067e-05 -0.002127512943413522 0.0040078338298480953
leaf_weight=122 153 108 20 23 92 97 22 328 20 43 45 38 21 213 21 35 147 24 63
leaf_count=122 153 108 20 23 92 97 22 328 20 43 45 38 21 213 21 35 147 24 63
internal_value=2.0959e-05 -0.00239523 0.00654148 -0.00420764 0.000767439 0.00547225 -0.000530119 -0.00626854 -0.00191824 -0.00392217 -0.0056299 0.00329576 0.0079927 -0.00121497 0.0158205 0.00448268 0.00044375 0.000175851 0.00538125
internal_weight=1635 1194 441 759 435 400 327 396 363 196 373 219 181 305 41 157 167 62 84
internal_count=1635 1194 441 759 435 400 327 396 363 196 373 219 181 305 41 157 167 62 84
is_linear=0
shrinkage=0.03


Tree=11
num_leaves=21
num_cat=0
split_feature=20 19 20 25 25 33 22 20 33 24 15 14 20 24 19 34 10 19 24 22
split_gain=27.1331 7.21076 4.31348 3.49581 2.28588 2.19929 2.05358 1.77122 0.981817 0.958157 0.82146 0.72519 0.647384 0.843981 0.56841 0.440327 0.313017 0.205848 0.141157 0.0543262
threshold=-0.6777783500785256 -0.10800107201273292 -0.74782179245714631 0.9698435983410042 -0.46112669211436175 0.25429148191549222 0.20442733011742711 -0.44910711172479356 -0.80609927757576039 -0.52879887066694764 -0.16471120974691125 -0.64971135058532614 0.86523748349755913 -0.43547393340672008 1.0532097938870815 -0.1233824381814084 -0.68659581990558094 0.69299676766842688 -0.60949615778274469 0.99770170442983785
decision_type=2 2 2 2 2 2 2 2 2 2 2 2 2 2 2 2 2 2 2 2
left_child=2 3 5 4 -2 11 12 -6 -5 18 17 -1 13 -3 -11 -13 -4 -7 -8 -10
right_child=1 6 16 8 7 10 9 -9 19 14 -12 15 -14 -15 -16 -17 -18 -19 -20 -21
leaf_value=-0.001918977146239384 -0.014128630440968733 0.0040946107227494023 0.019154624011205591 -0.0047040593005143677 0.0034919333922798219 0.0042832696769519573 -0.0017239756015214052 -0.0051154143145621519 0.00086588070812885728 0.0017520984327013842 0.010460196502914984 0.002176883827703183 -0.00069397191745553942 -0.0019634655253030361 -0.0025243244942809852 0.0051729869347752868 0.0097676413245499135 0.0076448179299527033 -0.0047371293746962632 -0.00067243345843061156
leaf_weight=20 23 170 20 36 20 67 30 532 128 80 70 99 40 21 39 100 21 44 55 20
leaf_count=20 23 170 20 36 20 67 30 532 128 80 70 99 40 21 39 100 21 44 55 20
internal_value=2.33967e-05 -0.00232423 0.00635908 -0.00408434 -0.00523145 0.00531626 0.000746944 -0.00478096 -0.000457187 -0.00142629 0.00776484 0.00320146 0.00267267 0.00339301 0.000298381 0.00375178 0.0154086 0.0058082 -0.00380278 0.000628903
internal_weight=1635 1194 441 759 575 400 435 552 184 204 181 219 231 191 119 199 41 111 85 148
internal_count=1635 1194 441 759 575 400 435 552 184 204 181 219 231 191 119 199 41 111 85 148
is_linear=0
shrinkage=0.03


Tree=12
num_leaves=24
num_cat=0
split_feature=22 21 22 22 11 24 24 21 11 29 23 25 11 11 11 22 23 22 31 25 24 22 17
split_gain=23.9121 7.09595 4.77292 4.1043 4.03452 1.88528 1.75396 1.20784 1.19069 1.09502 1.06931 0.944852 0.78627 0.784911 0.756066 0.495307 0.396556 0.335506 0.237066 0.194947 0.157451 0.144411 0.0162348
threshold=-0.80728491538245895 0.0167009388703553 0.71028345286737016 -0.26693860244501982 -3.8489856375044287 1.4736947145734567 -0.40223350140888098 -0.11508873265822746 0.082352672790697343 0.19643244185257427 -0.24576106728437783 -0.28652303343855151 -0.029254641413566065 0.34875632334548684 0.53734048099639642 -0.60034377425748231 -0.11032423124133699 -1.0717097068199291 0.1084612399718942 0.91733830063738775 2.2013733708539007 -0.60034377425748231 0.0090616922520333609
decision_type=2 2 2 2 2 2 2 2 2 2 2 2 2 2 2 2 2 2 2 2 2 2 2
left_child=4 2 7 10 -1 12 22 14 11 17 15 16 -5 -9 -2 -3 -6 -10 -11 -8 -7 -12 -4
right_child=1 3 6 5 8 20 19 13 9 18 21 -13 -14 -15 -16 -17 -18 -19 -20 -21 -22 -23 -24
leaf_value=0.019053358800709245 0.0038166885173566692 -0.0050749292843616928 0.0006797072197219765 0 0.0048942006370385309 -0.0046433718219085268 -0.0068385369939839135 0.0014754273903272404 0.0030066623638638043 0.0073760966410884605 -0.0056304901873935826 0.0028892347145486959 -0.0030159398779663854 -0.0041649004912526332 0.00087779691553259908 -0.011497957823763566 0.010518146497282114 -0.00072975995333399624 0.0029916328720282761 -0.0038728734368263782 -0.0081060390099883077 -0.0015214244620165907 -0.00014376138076280571
leaf_weight=21 237 23 38 177 25 163 65 45 63 74 20 30 137 38 125 78 85 29 23 64 21 20 34
leaf_count=21 237 23 38 177 25 163 65 45 63 74 20 30 137 38 125 78 85 29 23 64 21 20 34
internal_value=2.43806e-05 -0.00186968 0.000344328 -0.00410377 0.0069436 -0.00278412 -0.00345566 0.00207907 0.00599641 0.00429078 -0.00858873 0.00813972 -0.00133596 -0.00112721 0.00282565 -0.0102527 0.00943039 0.00181145 0.00648742 -0.00551139 -0.00517831 -0.00389521 0.000260651
internal_weight=1635 1285 646 639 350 498 201 445 329 189 141 140 314 83 362 101 110 92 97 129 184 40 72
internal_count=1635 1285 646 639 350 498 201 445 329 189 141 140 314 83 362 101 110 92 97 129 184 40 72
is_linear=0
shrinkage=0.03


Tree=13
num_leaves=21
num_cat=0
split_feature=20 19 11 21 21 11 33 24 23 20 11 11 16 16 23 22 33 11 22 19
split_gain=24.315 6.46283 5.12313 3.3374 2.11771 2.04488 1.82134 1.80256 1.68036 1.27914 1.0369 0.716011 0.614823 0.555678 0.462469 0.24628 0.241664 0.229063 0.191172 0.172119
threshold=-0.6777783500785256 -0.10800107201273292 -0.50368643234755428 0.012645788760470967 -0.19720339542127069 -0.81089250719673489 0.25429148191549222 -0.7038114989758687 -0.37212849448044089 1.2566567203192631 -0.029254641413566065 -0.029254641413566065 0.82528229855734159 1.5290632440721477 0.23008172910327543 -0.45088628344499904 -0.53042744539491127 -1.9666547970750534 -0.96823913625744062 -0.57569835295134442
decision_type=2 2 2 2 2 2 2 2 2 2 2 2 2 2 2 2 2 2 2 2
left_child=2 3 17 8 -3 14 12 -5 9 -2 -9 -7 19 18 -6 -10 -14 -1 -8 -4
right_child=1 4 6 7 5 11 13 10 15 -11 -12 -13 16 -15 -16 -17 -18 -19 -20 -21
leaf_value=0.018023575886436129 -0.0013322609522304423 0.0042925094474811805 0.0061138494621430124 -0.013661523156441174 0.0019475295667446429 3.1718594007019838e-05 0.0084610332331141909 -0.0037733530208507067 0.0033285278120057898 -0.0062539100774696883 -0.0071662217694520945 -0.0029764083879468672 0.0020199050931259989 0.00261879633885178 0.0081121372939087465 0 -0.0015582170831039547 0.01070498319001908 0.0045752908579238197 0.0030364275592218619
leaf_weight=20 108 108 25 23 28 136 108 226 20 88 147 142 29 29 21 147 33 44 31 122
leaf_count=20 108 108 25 23 28 136 108 226 20 88 147 142 29 29 21 147 33 44 31 122
internal_value=2.36446e-05 -0.00219863 0.00602138 -0.003865 0.000708591 -0.000494259 0.00460479 -0.00576499 -0.00175382 -0.00361802 -0.00516498 -0.0015095 0.00265228 0.00692711 0.00496278 0.000441703 8.52484e-05 0.0137414 0.00773053 0.00369161
internal_weight=1635 1194 441 759 435 327 377 396 363 196 373 278 209 168 49 167 62 64 139 147
internal_count=1635 1194 441 759 435 327 377 396 363 196 373 278 209 168 49 167 62 64 139 147
is_linear=0
shrinkage=0.03


Tree=14
num_leaves=19
num_cat=0
split_feature=20 25 11 13 25 33 23 20 33 21 16 16 32 33 11 20 12 24
split_gain=22.9556 5.29861 4.86311 2.84436 2.55775 1.71597 1.47834 1.18801 0.704886 0.693332 0.639459 0.547548 0.390714 0.229045 0.201313 0.162062 0.0989848 0.0401195
threshold=-0.6777783500785256 0.93679475615119112 -0.66670005730755555 -1.7075574747164539 -0.46112669211436175 0.25429148191549222 -0.98884991060786109 -0.44910711172479356 -1.8339604504620102 0.15254498706802616 0.82528229855734159 1.5290632440721477 1.0483193333155383 -0.26076769120963988 -0.051304397780012258 -0.91056979092511792 -1.53749541426903 -0.54893708396917673
decision_type=2 2 2 2 2 2 2 2 2 2 2 2 2 2 2 2 2 2
left_child=2 3 16 -2 -5 10 12 -6 -8 -10 14 15 17 -12 -4 -7 -1 -3
right_child=1 6 5 4 7 11 8 -9 9 -11 13 -13 -14 -15 -16 -17 -18 -19
leaf_value=0.017746595823246499 0.0065232193223387002 0.0049446227768292798 0.0052622672367399021 -0.013152196148267159 0.0033213478596273646 0.0081332334066491294 -0.004483117108543714 -0.0036477428845594958 0.0010707401773428166 -0.0028964855879597927 0.0015333672712398009 0.002547597886965377 -1.6235057530658581e-05 -0.0020200589646895725 0.0026966168948030101 0.0039681143957376475 0.010603744967203392 0.0030330609249120408
leaf_weight=20 22 49 56 23 20 120 33 755 154 50 38 29 25 24 97 22 35 63
leaf_count=20 22 49 56 23 20 120 33 755 154 50 38 29 25 24 97 22 35 63
internal_value=2.51911e-05 -0.00213402 0.0058529 -0.00348053 -0.00378346 0.00457989 0.000814451 -0.00345193 -0.000611666 5.60023e-05 0.00271313 0.00682249 0.0032632 8.19456e-05 0.00373805 0.00760407 0.0140364 0.00400263
internal_weight=1635 1194 441 820 798 386 374 775 237 204 215 171 137 62 153 142 55 112
internal_count=1635 1194 441 820 798 386 374 775 237 204 215 171 137 62 153 142 55 112
is_linear=0
shrinkage=0.03


Tree=15
num_leaves=23
num_cat=0
split_feature=22 21 22 22 11 19 34 32 11 21 11 30 29 28 15 27 22 19 25 11 25 15
split_gain=20.175 5.99318 4.13371 3.66899 3.64281 1.51527 1.46577 1.40719 1.05949 0.992557 0.962581 0.951132 0.729858 0.86176 0.605499 0.364952 0.243435 0.243172 0.222265 0.178398 0.139378 0.0376657
threshold=-0.80728491538245895 0.0167009388703553 0.71028345286737016 -0.26693860244501982 -3.8489856375044287 -0.5495587563360903 -0.023361772066865977 0.15695380435811354 0.42116987689812652 -0.22660265363736984 -0.15683782042547559 0.6851817120303606 0.25678216521696201 1.2382126393547266 0.12112787441042702 -0.24847021360357721 -1.0372195166324329 0.69299676766842688 0.9698435983410042 0.30278940190901832 0.10830186771924306 -0.41011563793896028
decision_type=2 2 2 2 2 2 2 2 2 2 2 2 2 2 2 2 2 2 2 2 2 2
left_child=4 2 8 12 -1 20 11 21 15 -10 -7 16 13 -3 17 -2 -6 -8 -9 -14 -5 -4
right_child=1 3 7 5 6 10 14 18 9 -11 -12 -13 19 -15 -16 -17 -18 -19 -20 -21 -22 -23
leaf_value=0.017878426678478717 0.0038387892991152937 -0.0033535756884537807 -0.0045445435833472471 -0.0053707824405737035 0.0024717189155984672 0.00067881983092962241 0.0036917166142819164 -0.0030185137643582286 0.0015918184273161361 -0.0030912483324737924 -0.0026371262911539495 0.007742515509575605 -0.01209204698204994 -0.010688063258062238 0.0096964340145173269 0.0010061252602045574 -0.00051412930813218871 0.0069353964165658555 0.0001033751225374915 -0.0062162177655845884 -0.0031203842787918719 -0.0071035814389586449
leaf_weight=21 193 58 62 120 77 134 56 24 139 54 181 27 42 20 66 59 32 71 78 21 63 37
leaf_count=21 193 58 62 120 77 134 56 24 139 54 181 27 42 20 66 59 32 71 78 21 63 37
internal_value=2.72468e-05 -0.00171239 0.000321964 -0.00376559 0.00638296 -0.00251853 0.00548525 -0.00321404 0.00193665 0.000238965 -0.001224 0.00296416 -0.00800503 -0.00559745 0.0071739 0.00320699 0.00157806 0.00564639 -0.000667871 -0.0105505 -0.00467501 -0.00571116
internal_weight=1635 1285 646 639 350 498 329 201 445 193 315 136 141 78 193 252 109 127 102 63 183 99
internal_count=1635 1285 646 639 350 498 329 201 445 193 315 136 141 78 193 252 109 127 102 63 183 99
is_linear=0
shrinkage=0.03


end of trees

feature_importances:
Column_11=41
Column_22=41
Column_19=36
Column_25=32
Column_20=31
Column_24=27
Column_33=26
Column_21=25
Column_16=14
Column_23=14
Column_14=7
Column_15=5
Column_17=5
Column_32=5
Column_10=4
Column_28=3
Column_29=3
Column_34=3
Column_9=2
Column_30=2
Column_12=1
Column_13=1
Column_27=1
Column_31=1

parameters:
[boosting: gbdt]
[objective: regression]
[metric: l2]
[tree_learner: serial]
[device_type: cpu]
[data_sample_strategy: bagging]
[data: ]
[valid: ]
[num_iterations: 200]
[learning_rate: 0.03]
[num_leaves: 31]
[num_threads: 40]
[seed: 42]
[deterministic: 0]
[force_col_wise: 0]
[force_row_wise: 0]
[histogram_pool_size: -1]
[max_depth: 5]
[min_data_in_leaf: 20]
[min_sum_hessian_in_leaf: 0.001]
[bagging_fraction: 0.8]
[pos_bagging_fraction: 1]
[neg_bagging_fraction: 1]
[bagging_freq: 0]
[bagging_seed: 400]
[bagging_by_query: 0]
[feature_fraction: 0.8]
[feature_fraction_bynode: 1]
[feature_fraction_seed: 30056]
[extra_trees: 0]
[extra_seed: 12879]
[early_stopping_round: 0]
[early_stopping_min_delta: 0]
[first_metric_only: 0]
[max_delta_step: 0]
[lambda_l1: 0.1]
[lambda_l2: 3]
[linear_lambda: 0]
[min_gain_to_split: 0]
[drop_rate: 0.1]
[max_drop: 50]
[skip_drop: 0.5]
[xgboost_dart_mode: 0]
[uniform_drop: 0]
[drop_seed: 17869]
[top_rate: 0.2]
[other_rate: 0.1]
[min_data_per_group: 100]
[max_cat_threshold: 32]
[cat_l2: 10]
[cat_smooth: 10]
[max_cat_to_onehot: 4]
[top_k: 20]
[monotone_constraints: ]
[monotone_constraints_method: basic]
[monotone_penalty: 0]
[feature_contri: ]
[forcedsplits_filename: ]
[refit_decay_rate: 0.9]
[cegb_tradeoff: 1]
[cegb_penalty_split: 0]
[cegb_penalty_feature_lazy: ]
[cegb_penalty_feature_coupled: ]
[path_smooth: 0]
[interaction_constraints: ]
[verbosity: -1]
[saved_feature_importance_type: 0]
[use_quantized_grad: 0]
[num_grad_quant_bins: 4]
[quant_train_renew_leaf: 0]
[stochastic_rounding: 1]
[linear_tree: 0]
[max_bin: 255]
[max_bin_by_feature: ]
[min_data_in_bin: 3]
[bin_construct_sample_cnt: 200000]
[data_random_seed: 175]
[is_enable_sparse: 1]
[enable_bundle: 1]
[use_missing: 1]
[zero_as_missing: 0]
[feature_pre_filter: 1]
[pre_partition: 0]
[two_round: 0]
[header: 0]
[label_column: ]
[weight_column: ]
[group_column: ]
[ignore_column: ]
[categorical_feature: ]
[forcedbins_filename: ]
[precise_float_parser: 0]
[parser_config_file: ]
[objective_seed: 16083]
[num_class: 1]
[is_unbalance: 0]
[scale_pos_weight: 1]
[sigmoid: 1]
[boost_from_average: 1]
[reg_sqrt: 0]
[alpha: 0.9]
[fair_c: 1]
[poisson_max_delta_step: 0.7]
[tweedie_variance_power: 1.5]
[lambdarank_truncation_level: 30]
[lambdarank_norm: 1]
[label_gain: ]
[lambdarank_position_bias_regularization: 0]
[eval_at: ]
[multi_error_top_k: 1]
[auc_mu_weights: ]
[num_machines: 1]
[local_listen_port: 12400]
[time_out: 120]
[machine_list_filename: ]
[machines: ]
[gpu_platform_id: -1]
[gpu_device_id: -1]
[gpu_device_id_list: ]
[gpu_use_dp: 0]
[num_gpu: 1]

end of parameters

pandas_categorical:null
