tree
version=v4
num_class=1
num_tree_per_iteration=1
label_index=0
max_feature_idx=34
objective=regression
feature_names=Column_0 Column_1 Column_2 Column_3 Column_4 Column_5 Column_6 Column_7 Column_8 Column_9 Column_10 Column_11 Column_12 Column_13 Column_14 Column_15 Column_16 Column_17 Column_18 Column_19 Column_20 Column_21 Column_22 Column_23 Column_24 Column_25 Column_26 Column_27 Column_28 Column_29 Column_30 Column_31 Column_32 Column_33 Column_34
feature_infos=[-8.5575350004505886:8.2289677483908505] [-9.7801735229980924:7.357621866494287] [-8.553366587404966:8.2258434228567747] [-8.5521554863272922:8.2261317952833828] [-8.5521173576958294:8.2259477470945139] [-8.5500290691717691:8.2252960456021498] [-8.5522728537882777:8.2280629250842328] [-0.94592828718117161:12.371944324508677] [-7.2939439721317321:9.1675521127231985] [-7.0987433239614282:10.16123219525489] [-6.5346259213161746:6.2892924845625693] [-5.2693701722998627:4.3500046735958602] [-7.6971051527295078:7.9364453857441486] [-6.8581797698527076:4.6546232806372503] [-0.99554043772717871:8.4408070077519834] [-0.88521357181555371:6.8316557662332826] [-3.0441497492403631:2.5670869698429875] [-8.5823433835722991:6.5121590404907757] none [-1.7521065881757925:2.3701115993412447] [-2.0637760919462131:1.4063211385986654] [-1.7569111571919016:3.3975788147204087] [-1.9157549359334263:2.1943279399378341] [-1.2386871930801788:7.7754698277166598] [-1.3632173752111445:2.3291636864567256] [-2.792506284820202:1.2301096350025635] [-0.28890752795071756:6.3933074042427505] [-0.65487640638483913:3.6509571926085624] [-0.83974196353067587:2.530088964681783] [-2.0860968370934603:2.4668179663560399] [-2.1150893625953313:2.343506630862779] [-5.8254309022244053:6.1042270099788398] [-2.3586363626983666:2.3905867726266821] [-2.5549473356669461:2.5670422803502091] [-7.5588926166173973:9.3011356636025226]
tree_sizes=1343 1385 1489 1398 1290 1311 1398 1399 1314 1494 1390 1493 1312 1404 1387 1321

Tree=0
num_leaves=14
num_cat=0
split_feature=24 20 22 20 15 22 20 25 11 12 33 23 19
split_gain=10.9356 3.43212 3.02211 2.19466 1.21372 1.0365 1.12432 0.771046 0.483411 0.4321 0.399306 0.315669 0.0118543
threshold=-1.23007014440247 -0.15669121736018257 -0.64306171297597159 0.36571157006767402 -0.60073401567003504 0.81144482754683389 0.27339943092379576 1.0207623901134404 0.083483391598675349 -1.5653035932050445 0.99931079046345872 -0.10686211330275271 0.071796035536635341
decision_type=2 2 2 2 2 2 2 2 2 2 2 2 2
left_child=-1 4 3 9 12 6 -4 -7 10 -3 -6 -10 -2
right_child=1 2 5 -5 8 7 -8 -9 11 -11 -12 -13 -14
leaf_value=0.037724049839217552 0.018732308198905222 0.016437805882531822 0.019817861803026651 0.022255123099282806 0.026138802647499973 0.020931273029972997 0.022846042739353468 0.016891174130613251 0.022511411443597924 0.0085159670982389649 0.022103050160591019 0.024383596639163566 0.020749975650431393
leaf_weight=39 22 21 133 28 172 231 577 52 118 24 23 235 25
leaf_count=39 22 21 133 28 172 231 577 52 118 24 23 235 25
internal_value=0.0226057 0.0222241 0.0212052 0.0154304 0.0240424 0.021653 0.0222737 0.0201263 0.0244459 0.0115338 0.0256472 0.0237538 0.0195698
internal_weight=1700 1661 1066 73 595 993 710 283 548 45 195 353 47
internal_count=1700 1661 1066 73 595 993 710 283 548 45 195 353 47
is_linear=0
shrinkage=1


Tree=1
num_leaves=14
num_cat=0
split_feature=24 20 22 20 15 22 20 28 20 11 33 22 19
split_gain=10.3365 3.23477 2.86766 2.07919 1.14841 0.977359 1.0593 0.796553 0.705482 0.454866 0.37698 0.298874 0.0107676
threshold=-1.23007014440247 -0.15669121736018257 -0.64306171297597159 0.36571157006767402 -0.60073401567003504 0.81144482754683389 0.27339943092379576 -0.74497523372146734 1.3328910279160351 0.083483391598675349 0.99931079046345872 -1.2160491380304099 0.071796035536635341
decision_type=2 2 2 2 2 2 2 2 2 2 2 2 2
left_child=-1 4 3 7 12 6 -4 -3 -7 10 -6 -11 -2
right_child=1 2 5 -5 9 8 -8 -9 -10 11 -12 -13 -14
leaf_value=0.014697224610618181 -0.0037711051690578457 -0.01447657514943017 -0.0027060188985676228 -0.00034104836377645697 0.0034289556603772299 -0.0017030667230960228 0.00023319872171717902 -0.0051480358118424201 -0.0058179974525354484 0.0024145819596895898 -0.00048928122369285964 0.0005061367709870777 -0.0018059884046004817
leaf_weight=39 22 24 133 28 172 239 577 21 44 108 23 245 25
leaf_count=39 22 24 133 28 172 239 577 21 44 108 23 245 25
internal_value=0 -0.000372177 -0.00136141 -0.00698675 0.00139305 -0.000925052 -0.000322249 -0.0107796 -0.00240765 0.00178564 0.00295124 0.00111388 -0.00295691
internal_weight=1700 1661 1066 73 595 993 710 45 283 548 195 353 47
internal_count=1700 1661 1066 73 595 993 710 45 283 548 195 353 47
is_linear=0
shrinkage=0.03


Tree=2
num_leaves=15
num_cat=0
split_feature=24 20 25 28 19 15 24 20 32 25 11 33 16 19
split_gain=9.77 3.04994 2.56721 2.22082 1.19312 1.08689 0.511485 0.7531 0.523267 0.482098 0.427564 0.355918 0.266276 0.00974837
threshold=-1.23007014440247 -0.15669121736018257 -0.018945819345544589 -0.74418269431632578 -0.6049524768118143 -0.60073401567003504 -0.44325473846786917 1.3328910279160351 0.054808816707723092 -0.28801935368503445 0.083483391598675349 0.99931079046345872 0.20847322606108656 0.071796035536635341
decision_type=2 2 2 2 2 2 2 2 2 2 2 2 2 2
left_child=-1 5 3 4 -3 13 8 -8 -4 -5 11 -7 -12 -2
right_child=1 2 6 9 -6 10 7 -9 -10 -11 12 -13 -14 -15
leaf_value=0.014287801731910021 -0.0036715479183197018 -0.0035349435370577416 0.0011948772905084782 0.0012658996361066012 -0.014036547031895866 0.0033278503515518135 -0.001094958842289478 -0.0064552475672501781 -0.00075868937409461726 -0.0032485431954264641 -0.00082810735986991351 -0.00047629644675180316 0.0014261284793669084 -0.0017576136703802536
leaf_weight=39 22 20 194 23 26 172 333 23 327 120 52 23 301 25
leaf_count=39 22 20 194 23 26 172 333 23 327 120 52 23 301 25
internal_value=-3.91787e-07 -0.000362833 -0.00132342 -0.00446886 -0.0100278 0.00135115 -0.000629226 -0.00150068 -2.28562e-05 -0.0024908 0.00173319 0.00286359 0.00108145 -0.00288004
internal_weight=1700 1661 1066 189 46 595 877 356 521 143 548 195 353 47
internal_count=1700 1661 1066 189 46 595 877 356 521 143 548 195 353 47
is_linear=0
shrinkage=0.03


Tree=3
num_leaves=14
num_cat=0
split_feature=24 20 22 20 15 22 20 28 25 34 14 14 19
split_gain=9.23461 2.87363 2.59198 1.8693 1.02838 0.884902 0.955455 0.703351 0.676852 0.421344 0.370876 0.249839 0.00879298
threshold=-1.23007014440247 -0.15669121736018257 -0.64306171297597159 0.36571157006767402 -0.60073401567003504 0.81144482754683389 0.27339943092379576 -0.74497523372146734 1.0207623901134404 -0.037817505265399329 -0.40131264036176695 -0.29683230455824755 0.071796035536635341
decision_type=2 2 2 2 2 2 2 2 2 2 2 2 2
left_child=-1 4 3 7 12 6 -4 -3 -7 11 -11 -6 -2
right_child=1 2 5 -5 9 8 -8 -9 -10 10 -12 -13 -14
leaf_value=0.013889784686267375 -0.003574619125127792 -0.01371622512075636 -0.0025615646396857784 -0.00032692325352728669 0.0023309312810500461 -0.0015274907134365863 0.00022978267055647129 -0.0049062987860525025 -0.005312957323884422 0.00052398319391469496 0.0028836152101982425 -2.169367271789889e-05 -0.0017105347539431281
leaf_weight=39 22 24 133 28 51 231 577 21 52 84 259 154 25
leaf_count=39 22 24 133 28 51 231 577 21 52 84 259 154 25
internal_value=-1.35031e-06 -0.000353768 -0.00128622 -0.00663452 0.00130986 -0.000871229 -0.000297474 -0.010231 -0.00228198 0.00168159 0.00232397 0.000574348 -0.00280521
internal_weight=1700 1661 1066 73 595 993 710 45 283 548 343 205 47
internal_count=1700 1661 1066 73 595 993 710 45 283 548 343 205 47
is_linear=0
shrinkage=0.03


Tree=4
num_leaves=13
num_cat=0
split_feature=24 25 25 25 24 21 24 22 28 23 23 25
split_gain=8.72849 1.97834 4.36821 0.872325 0.682303 0.753354 0.605347 0.445978 0.220516 0.106599 0.0590972 0.0327638
threshold=-1.23007014440247 -0.28801935368503445 -0.19192638324008623 -0.50962223619102143 -0.71667645592670526 -0.65814809539780394 1.1168994627984026 -1.6678276847079478 -0.75920160014020077 -1.0762975806731834 -0.26251098644525678 -0.42194522602890155
decision_type=2 2 2 2 2 2 2 2 2 2 2 2
left_child=-1 3 8 6 9 -6 7 -2 -3 -4 -8 -5
right_child=1 2 4 11 5 -7 10 -9 -10 -11 -12 -13
leaf_value=0.013502855094415799 -0.00090597169956013756 -0.013117650700652081 0 0.0050987835051896782 0.00077789846684112604 -0.0012439431716675087 -0.0037098095050972441 0.0017242456003086072 -0.0061496775783294729 0.0021855388175937586 -0.0010081038293428719 0.0026787330140509913
leaf_weight=39 70 20 26 43 201 864 20 270 20 78 21 28
leaf_count=39 70 20 26 43 201 864 20 270 20 78 21 28
internal_value=-2.19765e-06 -0.000344869 -0.000978969 0.00133989 -0.000629148 -0.000858434 0.000744956 0.0011708 -0.0103755 0.00164903 -0.00255728 0.00433223
internal_weight=1700 1661 1209 452 1169 1065 381 340 40 104 41 71
internal_count=1700 1661 1209 452 1169 1065 381 340 40 104 41 71
is_linear=0
shrinkage=0.03


Tree=5
num_leaves=13
num_cat=0
split_feature=24 20 22 20 15 22 20 30 20 34 14 14
split_gain=8.24897 2.59581 2.34028 1.68652 0.954803 0.818525 0.942458 0.675472 0.64059 0.389055 0.341444 0.226462
threshold=-1.23007014440247 -0.15669121736018257 -0.64306171297597159 0.36571157006767402 -0.60073401567003504 0.75634988283006088 0.67202003177236114 0.094745941379411794 1.3328910279160351 -0.037817505265399329 -0.40131264036176695 -0.29683230455824755
decision_type=2 2 2 2 2 2 2 2 2 2 2 2
left_child=-1 4 3 7 -2 6 -4 -3 -7 11 -11 -6
right_child=1 2 5 -5 9 8 -8 -9 -10 10 -12 -13
leaf_value=0.013126703959490569 -0.002718400877863169 -0.0043793957463020205 -0.0018672406059676702 -0.00030733737611632437 0.0022123505530051058 -0.0014711534297069241 0.00054567930419332795 -0.012958564294236046 -0.0052966195441549648 0.00049313377712628442 0.0027584663088586975 -2.6731387608251562e-05
leaf_weight=39 47 20 210 28 51 282 456 25 45 84 259 154
leaf_count=39 47 20 210 28 51 282 456 25 45 84 259 154
internal_value=-2.09797e-06 -0.000335273 -0.00122158 -0.00630386 0.00124577 -0.00082708 -0.000215628 -0.00972012 -0.00205005 0.00160416 0.00222145 0.00053976
internal_weight=1700 1661 1066 73 595 993 666 45 327 548 343 205
internal_count=1700 1661 1066 73 595 993 666 45 327 548 343 205
is_linear=0
shrinkage=0.03


Tree=6
num_leaves=14
num_cat=0
split_feature=24 20 22 20 22 20 30 20 14 34 14 33 17
split_gain=7.79661 2.44841 2.22044 1.59744 0.771796 0.887479 0.637268 0.605508 0.448177 0.42425 0.364202 0.215594 0.104517
threshold=-1.23007014440247 -0.15669121736018257 -0.64306171297597159 0.36571157006767402 0.75634988283006088 0.67202003177236114 0.094745941379411794 1.3328910279160351 -0.60350823856929325 -0.037817505265399329 -0.40382209459111401 -0.78481235319354814 0.21096975597188924
decision_type=2 2 2 2 2 2 2 2 2 2 2 2 2
left_child=-1 8 3 6 5 -4 -3 -6 12 11 -11 -10 -2
right_child=1 2 4 -5 7 -7 -8 -9 9 10 -12 -13 -14
leaf_value=0.012761031545299503 -0.0020256354369722852 -0.0042651506921519396 -0.0018120123877183494 -0.00029900954433176064 -0.001427483415310225 0.00052941590007561949 -0.012611459737377506 -0.0051476521583972501 0.0014999510369108368 0.0001213591330603737 0.0026674977790908912 -0.00044345278916164082 0.0002253956405329518
leaf_weight=39 38 20 210 28 282 456 25 45 87 66 261 114 29
leaf_count=39 38 20 210 28 282 456 25 45 87 66 261 114 29
internal_value=-2.66336e-06 -0.000326622 -0.00118743 -0.00613801 -0.000803089 -0.000209203 -0.0094629 -0.00199067 0.00120881 0.00150415 0.00216846 0.000392704 -0.00104055
internal_weight=1700 1661 1066 73 993 666 45 327 595 528 327 201 67
internal_count=1700 1661 1066 73 993 666 45 327 595 528 327 201 67
is_linear=0
shrinkage=0.03


Tree=7
num_leaves=14
num_cat=0
split_feature=24 25 25 15 24 21 25 28 10 27 28 24 25
split_gain=7.36904 1.69202 3.71465 0.9457 0.599712 0.66521 0.527412 0.496459 0.20756 0.107734 0.0802066 0.0436002 0.0112959
threshold=-1.23007014440247 -0.28801935368503445 -0.19192638324008623 -0.54238750211036413 -0.71667645592670526 -0.65814809539780394 -0.50962223619102143 -0.62889110902435885 -1.341298084156431 -0.080075720713372406 -0.44957187320191588 0.69012611080325292 -0.42194522602890155
decision_type=2 2 2 2 2 2 2 2 2 2 2 2 2
left_child=-1 3 8 9 10 -6 7 -5 -3 11 -4 -2 -8
right_child=1 2 4 6 5 -7 12 -9 -10 -11 -12 -13 -14
leaf_value=0.012405545725231473 -0.0011678983962046913 -0.0055934414392256222 5.4180988561241851e-05 0.0025160559704897321 0.000740072951761677 -0.0011593638310007455 0.0048206325873084693 0.00010621253157971448 -0.012168323752672777 -0.00013496157578353225 0.0020446921547615455 -0.0035663321470575673 0.0026398891341583479
leaf_weight=39 21 20 28 148 201 864 43 163 20 26 76 25 26
leaf_count=39 21 20 28 148 201 864 43 163 20 26 76 25 26
internal_value=-3.17679e-06 -0.000318175 -0.000904706 0.00123969 -0.000581897 -0.000796998 0.00184037 0.00127566 -0.00957025 -0.00183734 0.00155337 -0.00267116 0.0041848
internal_weight=1700 1661 1209 452 1169 1065 380 311 40 72 104 46 69
internal_count=1700 1661 1209 452 1169 1065 380 311 40 72 104 46 69
is_linear=0
shrinkage=0.03


Tree=8
num_leaves=13
num_cat=0
split_feature=15 25 25 27 15 32 21 19 25 28 23 28
split_gain=6.62388 1.67518 4.97991 1.08663 0.91574 0.583978 0.699539 0.606006 0.580135 0.467452 0.105606 0.0367427
threshold=3.9161670938689968 -0.28801935368503445 -0.19192638324008623 -0.55362859800034159 -0.54238750211036413 0.054808816707723092 -0.19965700461042052 -0.48052805159320988 -0.50962223619102143 -0.62889110902435885 -0.19326564601049298 -0.50206581060317323
decision_type=2 2 2 2 2 2 2 2 2 2 2 2
left_child=1 4 -3 -2 10 7 -7 -4 9 -6 -1 -10
right_child=3 2 5 -5 8 6 -8 -9 11 -11 -12 -13
leaf_value=-0.00292624342421952 0.0051718883211724466 -0.011892878346145152 -0.0010123772422682153 0.015988968139979989 0.0024420739953051125 0.00028958488579881089 -0.0019762088954898898 0.00088235850543987449 0.0058407673956826327 0.00010308372708463884 -0.00050219258969882508 0.0032392572346417342
leaf_weight=35 21 33 260 21 148 176 381 356 21 163 37 48
leaf_count=35 21 33 260 21 148 176 381 356 21 163 37 48
internal_value=-2.84172e-06 -0.000312282 -0.000897155 0.0113525 0.00123728 -0.000555712 -0.00125719 7.67552e-05 0.00182832 0.00123842 -0.00179047 0.00428306
internal_weight=1700 1658 1206 42 452 1173 557 616 380 311 72 69
internal_count=1700 1658 1206 42 452 1173 557 616 380 311 72 69
is_linear=0
shrinkage=0.03


Tree=9
num_leaves=15
num_cat=0
split_feature=24 20 25 28 15 19 22 20 21 25 11 33 22 19
split_gain=6.63551 2.12326 1.90424 1.60802 0.804799 0.765746 0.655736 0.639031 0.572845 0.378081 0.351344 0.319303 0.25397 0.00736734
threshold=-1.23007014440247 -0.15669121736018257 -0.018945819345544589 -0.74418269431632578 -0.60073401567003504 -0.6049524768118143 0.77838786071677013 1.3328910279160351 -0.028984998764861002 -0.28801935368503445 0.083483391598675349 1.0326636603474924 -1.2160491380304099 0.071796035536635341
decision_type=2 2 2 2 2 2 2 2 2 2 2 2 2 2
left_child=-1 4 3 5 13 -3 8 -8 -4 -5 11 -6 -12 -2
right_child=1 2 6 9 10 -7 7 -9 -10 -11 12 -13 -14 -15
leaf_value=0.011773136673628219 -0.0032116469728946683 -0.0032107640514555179 0.00070794533615007541 0.0011889513834701993 0.0029027052760238646 -0.011788290671233473 -0.0010278584465151653 -0.0049308029653038835 -0.0011665440502588824 -0.0027969126250231412 0.0020645557915590501 -0.000807086342945695 0.00031036336112189137 -0.0015049539055908097
leaf_weight=39 22 20 396 23 174 26 207 45 229 120 108 21 245 25
leaf_count=39 22 20 396 23 174 26 207 45 229 120 108 21 245 25
internal_value=-1.71811e-06 -0.00030072 -0.00110244 -0.00381154 0.00112895 -0.00854506 -0.000504201 -0.00178639 1.40636e-05 -0.00212402 0.00145834 0.00248186 0.000868359 -0.0025086
internal_weight=1700 1661 1066 189 595 46 877 252 625 143 548 195 353 47
internal_count=1700 1661 1066 189 595 46 877 252 625 143 548 195 353 47
is_linear=0
shrinkage=0.03


Tree=10
num_leaves=14
num_cat=0
split_feature=24 20 22 20 22 20 25 20 23 33 24 12 17
split_gain=6.2718 2.00154 1.80573 1.3129 0.661719 0.736492 0.551796 0.411215 0.440634 0.49127 0.456985 0.363821 0.0760759
threshold=-1.23007014440247 -0.15669121736018257 -0.64306171297597159 0.36571157006767402 0.81144482754683389 0.27339943092379576 1.0207623901134404 -1.9987379939130261 0.10761476414665717 0.85175021760679026 2.1348986599807822 -1.5653035932050445 -0.52297923807763036
decision_type=2 2 2 2 2 2 2 2 2 2 2 2 2
left_child=-1 7 3 11 5 -4 -6 12 9 -9 -10 -3 -2
right_child=1 2 4 -5 6 -7 -8 8 10 -11 -12 -13 -14
leaf_value=0.011445170868188142 0.00011352826592822868 -0.0044059051079675549 -0.0022164062774061356 -0.000236848269101052 -0.001264071236857816 0.00023422782741173911 -0.0046790883210572325 0.0011265830565172098 0.0027092575943221645 -0.0020774472741356405 -0.0017416733709042485 -0.011173833535777198 -0.0018737921814629159
leaf_weight=39 24 21 133 28 231 577 52 240 222 49 20 24 40
leaf_count=39 24 21 133 28 231 577 52 240 222 49 20 24 40
internal_value=-2.37986e-06 -0.000293119 -0.00107156 -0.00553655 -0.00072462 -0.000228021 -0.00194455 0.0010949 0.00137127 0.000557303 0.00231234 -0.00855073 -0.00111206
internal_weight=1700 1661 1066 73 993 710 283 595 531 289 242 45 64
internal_count=1700 1661 1066 73 993 710 283 595 531 289 242 45 64
is_linear=0
shrinkage=0.03


Tree=11
num_leaves=15
num_cat=0
split_feature=24 20 25 28 15 19 22 20 20 25 34 14 14 19
split_gain=5.92825 1.88676 1.71778 1.47783 0.738659 0.685578 0.580932 0.575949 0.391075 0.344685 0.31856 0.257673 0.219426 0.00812244
threshold=-1.23007014440247 -0.15669121736018257 -0.018945819345544589 -0.74418269431632578 -0.60073401567003504 -0.6049524768118143 0.77838786071677013 1.3328910279160351 0.67202003177236114 -0.28801935368503445 -0.059585358840428655 -0.40131264036176695 -0.29683230455824755 0.071796035536635341
decision_type=2 2 2 2 2 2 2 2 2 2 2 2 2 2
left_child=-1 4 3 5 13 -3 8 -8 -4 -5 12 -12 -6 -2
right_child=1 2 6 9 10 -7 7 -9 -10 -11 11 -13 -14 -15
leaf_value=0.011126341150275299 -0.0031181529003381728 -0.0030823195923281748 -0.0013482960895105295 0.001160884779166036 0.0020029773118220408 -0.011226699120011823 -0.00095954485545350632 -0.0046657300260849292 0.0004267237190125556 -0.0026404202766602903 0.00038612111691578192 0.0023437696129097033 -0.00024893704400410951 -0.0014341320059777769
leaf_weight=39 22 20 142 23 50 26 207 45 483 120 84 275 139 25
leaf_count=39 22 20 142 23 50 26 207 45 483 120 84 275 139 25
internal_value=-3.20901e-06 -0.00028592 -0.00104175 -0.00361488 0.00106164 -0.0081524 -0.00047338 -0.00168023 1.41478e-05 -0.00199718 0.00137744 0.001901 0.000353171 -0.00242219
internal_weight=1700 1661 1066 189 595 46 877 252 625 143 548 359 189 47
internal_count=1700 1661 1066 189 595 46 877 252 625 143 548 359 189 47
is_linear=0
shrinkage=0.03


Tree=12
num_leaves=13
num_cat=0
split_feature=24 25 25 25 32 21 24 24 28 30 23 25
split_gain=5.60334 1.27332 2.85198 0.686616 0.516561 0.596112 0.5716 0.492499 0.358232 0.17397 0.0280331 0.0224697
threshold=-1.23007014440247 -0.28801935368503445 -0.19192638324008623 -0.50962223619102143 0.054808816707723092 -0.19965700461042052 -0.44325473846786917 1.1168994627984026 -0.67756288374962204 0.26475031940605243 -0.26251098644525678 -0.42194522602890155
decision_type=2 2 2 2 2 2 2 2 2 2 2 2
left_child=-1 3 9 7 6 -6 -4 8 -2 -3 -9 -5
right_child=1 2 4 11 5 -7 -8 10 -10 -11 -12 -13
leaf_value=0.010816392939371457 0.002064591030296388 -0.0048191226042159224 0.0011817422918529701 0.004386727018848709 0.00026338078064958476 -0.001827176655806852 -0.0006694766664015674 -0.0033206818369419678 8.3803651380046863e-05 -0.010719548077039096 -0.0011507033488014713 0.0022875175462254592
leaf_weight=39 142 20 253 43 176 381 359 20 198 20 21 28
leaf_count=39 142 20 253 43 176 381 359 20 198 20 21 28
internal_value=-3.81443e-06 -0.000278717 -0.00078771 0.00107235 -0.000504535 -0.00116338 9.29682e-05 0.000544838 0.000930642 -0.00838115 -0.00243165 0.00372571
internal_weight=1700 1661 1209 452 1169 557 612 381 340 40 41 71
internal_count=1700 1661 1209 452 1169 557 612 381 340 40 41 71
is_linear=0
shrinkage=0.03


Tree=13
num_leaves=14
num_cat=0
split_feature=24 20 22 20 15 22 20 20 28 11 33 23 19
split_gain=5.29551 1.70515 1.54828 1.12755 0.691203 0.573795 0.67448 0.479442 0.454457 0.313314 0.290666 0.226709 0.00410652
threshold=-1.23007014440247 -0.15669121736018257 -0.64306171297597159 0.36571157006767402 -0.60073401567003504 0.75634988283006088 0.27339943092379576 1.3328910279160351 -0.74497523372146734 0.083483391598675349 1.0326636603474924 0.10761476414665717 0.071796035536635341
decision_type=2 2 2 2 2 2 2 2 2 2 2 2 2
left_child=-1 4 3 8 12 6 -4 -7 -3 10 -6 -11 -2
right_child=1 2 5 -5 9 7 -8 -9 -10 11 -12 -13 -14
leaf_value=0.010515079263364896 -0.0029995692121982573 -0.010708386792076958 -0.002155856513797546 -0.0002064884113928964 0.0026840121366864984 -0.0011906726853399673 0.00029251820326210883 -0.0045005033616907896 -0.0036637174962088461 -8.3452041793056117e-05 -0.00084665843720176776 0.0014247047477158536 -0.0014276743023905769
leaf_weight=39 22 24 121 28 174 282 545 45 21 155 21 198 25
leaf_count=39 22 24 121 28 174 282 545 45 21 155 21 198 25
internal_value=-3.66948e-06 -0.000270963 -0.000989569 -0.00512443 0.00100998 -0.000668064 -0.000155495 -0.00169202 -0.00791783 0.00131566 0.00228157 0.000758933 -0.00235928
internal_weight=1700 1661 1066 73 595 993 666 327 45 548 195 353 47
internal_count=1700 1661 1066 73 595 993 666 327 45 548 195 353 47
is_linear=0
shrinkage=0.03


Tree=14
num_leaves=14
num_cat=0
split_feature=14 20 25 28 11 15 20 30 11 21 34 27 1
split_gain=5.05277 1.86559 2.12569 0.872027 0.689476 0.548554 0.401055 0.395017 0.41697 0.401489 0.240573 0.130256 0.0430659
threshold=4.3939223683466695 -0.076967097190469527 -0.018945819345544589 -0.74418269431632578 -0.51076626983719464 -0.60073401567003504 0.36571157006767402 0.34439502548913764 -0.80894304966177921 -0.22692375140006615 -0.047838911368113371 0.26873984452103811 -0.75131505557624101
decision_type=2 2 2 2 2 2 2 2 2 2 2 2 2
left_child=1 4 3 11 12 -6 -5 8 -4 -9 -7 -3 -1
right_child=-2 2 7 6 5 10 -8 9 -10 -11 -12 -13 -14
leaf_value=0.0053376723144633268 0.011618559649722143 -0.0099042452437722167 0.0022020269375897837 -0.0034648180661643758 -0.0022982727783825247 0.0001741658661594556 0.00083701137492433195 0 -0.00025693978297759365 -0.0021347709534596253 0.0015037632038650082 -0.0048835720317117106 0.0027766159728689248
leaf_weight=23 30 20 68 91 47 210 22 132 487 190 314 26 40
leaf_count=23 30 20 68 91 47 210 22 132 487 190 314 26 40
internal_value=-4.50361e-06 -0.000235554 -0.00102034 -0.00418018 0.0010409 0.000694907 -0.00260144 -0.000431754 4.91818e-05 -0.00126273 0.000980627 -0.00760043 0.00395718
internal_weight=1700 1670 1036 159 634 571 113 877 555 322 524 46 63
internal_count=1700 1670 1036 159 634 571 113 877 555 322 524 46 63
is_linear=0
shrinkage=0.03


Tree=15
num_leaves=13
num_cat=0
split_feature=15 25 25 27 25 15 32 19 21 28 28 19
split_gain=4.77721 1.15443 3.6216 0.959975 0.715164 0.474047 0.469605 0.573258 0.549597 0.363612 0.0463127 0.00489035
threshold=3.9161670938689968 -0.28801935368503445 -0.19192638324008623 -0.55362859800034159 -0.50962223619102143 -0.60073401567003504 0.31934229335186676 -0.43263681051573594 -0.22692375140006615 -0.62889110902435885 -0.50206581060317323 0.071796035536635341
decision_type=2 2 2 2 2 2 2 2 2 2 2 2
left_child=1 4 -3 -2 5 11 7 -4 -8 -7 -6 -1
right_child=3 2 6 -5 10 9 8 -9 -10 -11 -12 -13
leaf_value=-0.0028597062009572982 0.0040172986733959986 -0.010130388582746189 -0.00094952136927167893 0.013930744505894837 0.0052600931278429927 0.0018721334933270231 0.00017833400485841067 0.00071068321154562763 -0.0020675687554013323 -8.1141753319299601e-05 0.0027624753066250738 -0.0013278721681396876
leaf_weight=22 21 33 329 21 21 166 149 426 269 168 50 25
leaf_count=22 21 33 329 21 21 166 149 426 269 168 50 25
internal_value=-4.15456e-06 -0.000267205 -0.000752956 0.00963896 0.00101867 0.00048136 -0.00046142 -9.70712e-06 -0.0012643 0.000888769 0.00372505 -0.00223346
internal_weight=1700 1658 1206 42 452 381 1173 755 418 334 71 47
internal_count=1700 1658 1206 42 452 381 1173 755 418 334 71 47
is_linear=0
shrinkage=0.03


end of trees

feature_importances:
Column_20=35
Column_25=28
Column_24=21
Column_22=19
Column_28=15
Column_15=14
Column_19=13
Column_14=9
Column_11=7
Column_21=7
Column_23=7
Column_33=7
Column_34=5
Column_27=4
Column_30=4
Column_32=4
Column_12=2
Column_17=2
Column_1=1
Column_10=1
Column_16=1

parameters:
[boosting: gbdt]
[objective: regression]
[metric: l2]
[tree_learner: serial]
[device_type: cpu]
[data_sample_strategy: bagging]
[data: ]
[valid: ]
[num_iterations: 200]
[learning_rate: 0.03]
[num_leaves: 31]
[num_threads: 40]
[seed: 42]
[deterministic: 0]
[force_col_wise: 0]
[force_row_wise: 0]
[histogram_pool_size: -1]
[max_depth: 5]
[min_data_in_leaf: 20]
[min_sum_hessian_in_leaf: 0.001]
[bagging_fraction: 0.8]
[pos_bagging_fraction: 1]
[neg_bagging_fraction: 1]
[bagging_freq: 0]
[bagging_seed: 400]
[bagging_by_query: 0]
[feature_fraction: 0.8]
[feature_fraction_bynode: 1]
[feature_fraction_seed: 30056]
[extra_trees: 0]
[extra_seed: 12879]
[early_stopping_round: 0]
[early_stopping_min_delta: 0]
[first_metric_only: 0]
[max_delta_step: 0]
[lambda_l1: 0.1]
[lambda_l2: 3]
[linear_lambda: 0]
[min_gain_to_split: 0]
[drop_rate: 0.1]
[max_drop: 50]
[skip_drop: 0.5]
[xgboost_dart_mode: 0]
[uniform_drop: 0]
[drop_seed: 17869]
[top_rate: 0.2]
[other_rate: 0.1]
[min_data_per_group: 100]
[max_cat_threshold: 32]
[cat_l2: 10]
[cat_smooth: 10]
[max_cat_to_onehot: 4]
[top_k: 20]
[monotone_constraints: ]
[monotone_constraints_method: basic]
[monotone_penalty: 0]
[feature_contri: ]
[forcedsplits_filename: ]
[refit_decay_rate: 0.9]
[cegb_tradeoff: 1]
[cegb_penalty_split: 0]
[cegb_penalty_feature_lazy: ]
[cegb_penalty_feature_coupled: ]
[path_smooth: 0]
[interaction_constraints: ]
[verbosity: -1]
[saved_feature_importance_type: 0]
[use_quantized_grad: 0]
[num_grad_quant_bins: 4]
[quant_train_renew_leaf: 0]
[stochastic_rounding: 1]
[linear_tree: 0]
[max_bin: 255]
[max_bin_by_feature: ]
[min_data_in_bin: 3]
[bin_construct_sample_cnt: 200000]
[data_random_seed: 175]
[is_enable_sparse: 1]
[enable_bundle: 1]
[use_missing: 1]
[zero_as_missing: 0]
[feature_pre_filter: 1]
[pre_partition: 0]
[two_round: 0]
[header: 0]
[label_column: ]
[weight_column: ]
[group_column: ]
[ignore_column: ]
[categorical_feature: ]
[forcedbins_filename: ]
[precise_float_parser: 0]
[parser_config_file: ]
[objective_seed: 16083]
[num_class: 1]
[is_unbalance: 0]
[scale_pos_weight: 1]
[sigmoid: 1]
[boost_from_average: 1]
[reg_sqrt: 0]
[alpha: 0.9]
[fair_c: 1]
[poisson_max_delta_step: 0.7]
[tweedie_variance_power: 1.5]
[lambdarank_truncation_level: 30]
[lambdarank_norm: 1]
[label_gain: ]
[lambdarank_position_bias_regularization: 0]
[eval_at: ]
[multi_error_top_k: 1]
[auc_mu_weights: ]
[num_machines: 1]
[local_listen_port: 12400]
[time_out: 120]
[machine_list_filename: ]
[machines: ]
[gpu_platform_id: -1]
[gpu_device_id: -1]
[gpu_device_id_list: ]
[gpu_use_dp: 0]
[num_gpu: 1]

end of parameters

pandas_categorical:null
