tree
version=v4
num_class=1
num_tree_per_iteration=1
label_index=0
max_feature_idx=35
objective=regression
feature_names=Column_0 Column_1 Column_2 Column_3 Column_4 Column_5 Column_6 Column_7 Column_8 Column_9 Column_10 Column_11 Column_12 Column_13 Column_14 Column_15 Column_16 Column_17 Column_18 Column_19 Column_20 Column_21 Column_22 Column_23 Column_24 Column_25 Column_26 Column_27 Column_28 Column_29 Column_30 Column_31 Column_32 Column_33 Column_34 Column_35
feature_infos=[-6.7795019877404403:5.649608358880414] [-6.9676889890387308:5.5155522777702011] [-6.7802063644458732:5.6504293130444276] [-6.7799796007226654:5.6505920653363084] [-6.7799885149715857:5.6509084760233064] [-6.7793318959190403:5.6498618039314721] [-6.7802008147413675:5.6481501713318583] [-1.6916473296754346:9.6827036329583773] [-5.6455465876189743:6.9194301278328272] [-4.8613449615028514:3.916689358487607] [-4.118790544043768:4.0040013175970852] [-2.7274559893038939:4.1900704697539419] [-4.469145037623159:3.9367055163296087] [-3.9101256518205529:4.0060219182744286] [-1.7246313235198092:6.0863214769531888] [-1.7974341662271744:5.2990171699814255] [-2.6167161412995439:3.0314400182989156] [-5.1528076269027476:3.1336235963688375] [-2.7880899117166917:12.041923347768215] [-1.7585354360125141:3.3619083824369351] [-1.8698060321197818:2.701629230099849] [-1.2357224986574822:7.8020526151728387] [-1.4362655230065353:2.1813715556844713] [-1.0131352834819214:2.6219796722183579] [-1.7441190071778974:2.7033286001046415] [-1.9996575587972951:5.1336512570370783] [-2.0949582036349343:2.5883751202102729] [-0.16607092557905473:11.309104402667787] [-0.67559435049477345:3.7448649951689124] [-0.50384629243780743:5.1265655419864657] [-3.4543403804863462:2.9610419931571963] [-2.7770313777100291:2.6853743306096849] [-10.039206618260383:6.367987191826364] [-2.2622755952432927:2.8706689811196942] [-2.2784061881325841:3.0043956591500076] [-6.145688462782771:6.6741367079028757]
tree_sizes=1032 1052 1469 1425 1449 1146 1448 1104 1395 1114 1099 1146 1805 1735 1748 1588 2449 1813 2585 1115 1400 1414 1642 1023 1671 2284 2458 1888 1867 1601 1760 2258 2375 1573 1573 1834 1652

Tree=0
num_leaves=10
num_cat=0
split_feature=22 11 15 11 11 20 15 33 22
split_gain=0.0635245 0.0400709 0.0265746 0.0272019 0.0196953 0.0203297 0.0160153 0.00510519 0.00255801
threshold=-1.1810558688998738 -1.5336019611760296 -1.1192817074433108 -0.39335884463888021 1.3899518582041366 0.35197544147647258 0.44456260334988845 0.42388160098008149 -0.20290120122833036
decision_type=2 2 2 2 2 2 2 2 2
left_child=-1 8 3 -3 5 -4 -6 -5 -2
right_child=1 2 4 7 6 -7 -8 -9 -10
leaf_value=0.0025373628892890235 0.0048737145395246666 0.0036042095391378508 0.0038603644816865667 0.0050034408871270919 0.0031288156380726365 0.0036288094824777632 0.0037673443895165312 0.004059231618883225 0.0041659008399665513
leaf_weight=34 24 25 898 29 79 545 69 21 38
leaf_count=34 24 25 898 29 79 545 69 21 38
internal_value=0.00376734 0.00379364 0.00376692 0.00430571 0.00373868 0.00377073 0.00341244 0.00470245 0.00452446
internal_weight=1762 1728 1666 75 1591 1443 148 50 62
internal_count=1762 1728 1666 75 1591 1443 148 50 62
is_linear=0
shrinkage=1


Tree=1
num_leaves=10
num_cat=0
split_feature=22 11 15 11 26 15 20 33 22
split_gain=0.0600783 0.0380572 0.025153 0.0259164 0.0205707 0.0334159 0.0270866 0.00466813 0.00230676
threshold=-1.1810558688998738 -1.5336019611760296 -1.1192817074433108 -0.39335884463888021 0.6971558291658605 0.62882185053691386 0.40525557273777363 0.45284837125670097 -0.20290120122833036
decision_type=2 2 2 2 2 2 2 2 2
left_child=-1 8 3 -3 5 -4 -6 -5 -2
right_child=1 2 4 7 6 -7 -8 -9 -10
leaf_value=-0.001196073894716195 0.0010768669231587815 -0.00015876515869916015 -2.4908575750501599e-05 0.0011884833519685675 -9.8916917735900891e-05 0.00045875926363700393 -0.00080845622821772059 0.00026439732699983995 0.00038747465909208826
leaf_weight=34 24 25 1072 30 319 142 58 20 38
leaf_count=34 24 25 1072 30 319 142 58 20 38
internal_value=0 2.56463e-05 -3.40347e-07 0.000523791 -2.78693e-05 3.01918e-05 -0.000221492 0.000911341 0.000737875
internal_weight=1762 1728 1666 75 1591 1214 377 50 62
internal_count=1762 1728 1666 75 1591 1214 377 50 62
is_linear=0
shrinkage=0.03


Tree=2
num_leaves=15
num_cat=0
split_feature=22 25 28 11 34 22 26 26 35 10 24 34 25 34
split_gain=0.056817 0.0443926 0.0376348 0.0422506 0.0309727 0.0235949 0.0205314 0.0176388 0.014344 0.0154834 0.0129843 0.0127846 0.0124999 0.0029484
threshold=-1.1810558688998738 0.49178762232181433 -0.31256904117191192 1.1719139262312037 -1.4674013029481421 -1.0984722624814143 0.29363474455322974 0.0046557772149993636 -0.34988479908378606 -1.1096679647676355 -0.7051660825258288 1.2694436432816891 -0.44687734816628916 -0.19547202164815325
decision_type=2 2 2 2 2 2 2 2 2 2 2 2 2 2
left_child=-1 5 3 4 -3 13 11 -5 12 -10 -8 -4 -7 -2
right_child=1 2 6 7 -6 8 10 -9 9 -11 -12 -13 -14 -15
leaf_value=-0.0011631010994566854 0 -2.5046556154082179e-05 0.00040868142314912461 0.00022911472757597098 0.00087115643695734291 0.00068737941861036231 0 -0.00067406093470391733 0.00015792939280192772 -0.00018540319045372367 -0.00090970534501089281 -0.00016600676578511616 2.5694161727021769e-06 0.00061484713782060971
leaf_weight=34 20 35 76 44 174 29 29 28 124 910 30 51 134 44
leaf_count=34 20 35 76 44 174 29 29 28 124 910 30 51 134 44
internal_value=0 2.49958e-05 0.000275135 0.000493364 0.000708693 -6.57008e-05 -4.12804e-05 -9.50333e-05 -9.82233e-05 -0.000140999 -0.000501991 0.000156319 0.0001527 0.000474958
internal_weight=1762 1728 467 281 209 1261 186 72 1197 1034 59 127 163 64
internal_count=1762 1728 467 281 209 1261 186 72 1197 1034 59 127 163 64
is_linear=0
shrinkage=0.03


Tree=3
num_leaves=14
num_cat=0
split_feature=22 25 28 11 34 22 14 20 24 35 10 25 14
split_gain=0.0537346 0.0415364 0.0355021 0.0397795 0.0293108 0.0223569 0.0173312 0.0167805 0.0158625 0.0135896 0.0146064 0.0118028 0.00361461
threshold=-1.1810558688998738 0.49178762232181433 -0.31256904117191192 1.1719139262312037 -1.4674013029481421 -1.0984722624814143 2.0088249522669837 -0.82018744627215068 0.91705865947476939 -0.34988479908378606 -1.1096679647676355 -0.44687734816628916 -0.50277565451990225
decision_type=2 2 2 2 2 2 2 2 2 2 2 2 2
left_child=-1 5 3 4 -3 12 8 -5 -4 11 -11 -7 -2
right_child=1 2 6 7 -6 9 -8 -9 -10 10 -12 -13 -14
leaf_value=-0.0011310371975666162 4.0684879857821962e-05 -2.4354483662663316e-05 -0.00036676054115732532 -0.00075387062902562316 0.00084546469163695418 0.00066869129657425215 0.00069174922148522455 0.00016949148828115419 0.00023422113560243613 0.00015330343025346329 -0.00017985937255060933 2.4940234774223985e-06 0.00065440726155278884
leaf_weight=34 26 35 114 22 174 29 21 50 51 124 910 134 38
leaf_count=34 26 35 114 22 174 29 21 50 51 124 910 134 38
internal_value=0 2.4382e-05 0.000266377 0.000478373 0.000687367 -6.32846e-05 -4.05347e-05 -9.15162e-05 -0.00016228 -9.50019e-05 -0.000136685 0.000149035 0.000462844
internal_weight=1762 1728 467 281 209 1261 186 72 165 1197 1034 163 64
internal_count=1762 1728 467 281 209 1261 186 72 165 1197 1034 163 64
is_linear=0
shrinkage=0.03


Tree=4
num_leaves=15
num_cat=0
split_feature=22 25 28 11 34 22 26 26 24 14 10 29 21 14
split_gain=0.0508366 0.039016 0.0333945 0.0365454 0.0286392 0.0211987 0.0177064 0.0167546 0.0137598 0.0127708 0.0111132 0.0102779 0.0043348 0.00333189
threshold=-1.1810558688998738 0.49178762232181433 -0.33888788701424427 1.1719139262312037 -1.4674013029481421 -1.0984722624814143 0.29363474455322974 1.0000000180025095e-35 -0.7051660825258288 1.2729317201783299 -1.323742973499537 -0.49927078457796564 0.27692201007008671 -0.50277565451990225
decision_type=2 2 2 2 2 2 2 2 2 2 2 2 2 2
left_child=-1 5 3 4 -3 13 9 -5 -8 -4 12 -12 -7 -2
right_child=1 2 6 7 -6 10 8 -9 -10 -11 11 -13 -14 -15
leaf_value=-0.0010998572336283284 3.9590599938649031e-05 -2.3681526873444547e-05 0 0.00027784706873353575 0.00083846505342739612 0.00037338380564509309 0 -0.00060131427170777253 -0.00087489262549206618 0.00078258222606382324 -0.00046375655909915533 -9.0347808698865395e-05 0 0.00063621155629161653
leaf_weight=34 26 35 111 39 167 56 33 31 30 21 74 1038 29 38
leaf_count=34 26 35 111 39 167 56 33 31 30 21 74 1038 29 38
internal_value=0 2.39696e-05 0.000258538 0.000472233 0.000676289 -6.09346e-05 -2.70269e-05 -7.91111e-05 -0.000441685 0.000154073 -9.18785e-05 -0.000119068 0.000221672 0.000451236
internal_weight=1762 1728 467 272 202 1261 195 70 63 132 1197 1112 85 64
internal_count=1762 1728 467 272 202 1261 195 70 63 132 1197 1112 85 64
is_linear=0
shrinkage=0.03


Tree=5
num_leaves=11
num_cat=0
split_feature=22 11 15 11 26 15 24 23 22 34
split_gain=0.04807 0.0327429 0.0220928 0.0319109 0.0191542 0.0286491 0.0252398 0.0061688 0.00488082 0.00248315
threshold=-1.1810558688998738 -1.5336019611760296 -1.0654634989457372 -0.39335884463888021 0.82133057868486958 0.62882185053691386 -0.46213615863060814 0.28118595074469316 -0.42664070281178218 -0.014143129368733685
decision_type=2 2 2 2 2 2 2 2 2 2
left_child=-1 9 3 7 5 -4 -6 -3 -5 -2
right_child=1 2 4 8 6 -7 -8 -9 -10 -11
leaf_value=-0.0010695368583074996 0.00093879670530954806 -0.00047702929894957274 -3.1458821736525528e-05 0.00044441627304416236 -0.00010391292539610304 0.00040712085778231032 -0.00083226666426264924 0.0001210612107720226 0.0012706490583861104 0.00028051962300121568
leaf_weight=34 31 24 1087 40 269 149 52 22 23 31
leaf_count=34 31 24 1087 40 269 149 52 22 23 31
internal_value=0 2.32834e-05 -6.90961e-07 0.000404406 -3.16966e-05 1.98485e-05 -0.000237775 -0.000139862 0.000835557 0.00068395
internal_weight=1762 1728 1666 109 1557 1236 321 46 63 62
internal_count=1762 1728 1666 109 1557 1236 321 46 63 62
is_linear=0
shrinkage=0.03


Tree=6
num_leaves=15
num_cat=0
split_feature=22 25 28 33 33 22 26 24 35 26 14 25 14 7
split_gain=0.045465 0.0358182 0.0292227 0.0333034 0.022541 0.0195038 0.0158095 0.0122799 0.0119705 0.0136279 0.0119283 0.011224 0.00300865 0.0022002
threshold=-1.1810558688998738 0.51194671445650597 -0.33888788701424427 -1.6319857128464523 -0.29203812601723156 -1.0984722624814143 0.29363474455322974 -0.7051660825258288 -0.34988479908378606 0.96559517599807954 1.2729317201783299 -0.44687734816628916 -0.50277565451990225 0.29819237521333891
decision_type=2 2 2 2 2 2 2 2 2 2 2 2 2 2
left_child=-1 5 3 13 -5 12 10 -8 11 -10 -4 -7 -2 -3
right_child=1 2 6 4 -6 8 7 -9 9 -11 -12 -13 -14 -15
leaf_value=-0.0010400523287749524 3.6872173213913775e-05 0 0 0.0010313725608866661 0.00033517415384102579 0.00064908461245670424 0 -0.00083315193768703465 -7.0389138257231842e-05 -0.00036462142340283051 0.00077737295207486537 9.3637584951855791e-07 0.00061229703369800276 -0.00040144562103523642
leaf_weight=34 26 29 100 80 134 29 33 29 873 179 20 137 38 21
leaf_count=34 26 29 100 80 134 29 33 29 873 179 20 137 38 21
internal_value=0 2.27418e-05 0.000254594 0.000455133 0.000619921 -5.59897e-05 -2.27449e-05 -0.00041437 -8.52745e-05 -0.000124191 0.000160376 0.000141431 0.000435425 -0.000188721
internal_weight=1762 1728 446 264 214 1282 182 62 1218 1052 120 166 64 50
internal_count=1762 1728 446 264 214 1282 182 62 1218 1052 120 166 64 50
is_linear=0
shrinkage=0.03


Tree=7
num_leaves=11
num_cat=0
split_feature=22 11 11 35 20 20 26 32 33 34
split_gain=0.0430066 0.0304899 0.0218022 0.0260595 0.0181495 0.0173802 0.0128682 0.0097011 0.00759235 0.0020848
threshold=-1.1810558688998738 -1.5336019611760296 1.3899518582041366 -1.343744589746694 0.1814790214403092 0.38394352023325323 -0.13166283552289212 0.057920288678459352 0.19695017302713946 -0.014143129368733685
decision_type=2 2 2 2 2 2 2 2 2 2
left_child=-1 9 3 4 -3 -5 7 -4 -8 -2
right_child=1 2 6 5 -6 -7 8 -9 -10 -11
leaf_value=-0.00101138059372032 0.00090228167673750935 0.0011012869915267562 -0.00044956003381581657 8.3858680266221956e-05 4.1560492519056418e-05 -0.00013055385013433497 -0.00076741995181768172 0.00025834733452837437 0 0.00027090966427674765
leaf_weight=34 31 31 26 911 37 538 59 40 24 31
leaf_count=34 31 31 26 911 37 538 59 40 24 31
internal_value=0 2.22766e-05 -7.95474e-07 3.16601e-05 0.000593045 2.07796e-06 -0.000345073 0 -0.000587473 0.000659823
internal_weight=1762 1728 1666 1517 68 1449 149 66 83 62
internal_count=1762 1728 1666 1517 68 1449 149 66 83 62
is_linear=0
shrinkage=0.03


Tree=8
num_leaves=14
num_cat=0
split_feature=22 25 28 33 35 22 14 24 32 30 14 14 7
split_gain=0.0406737 0.0334594 0.0286327 0.0309049 0.0215733 0.0182592 0.0139638 0.0134188 0.0125108 0.0222235 0.0103837 0.00272026 0.00200796
threshold=-1.1810558688998738 0.49178762232181433 -0.33888788701424427 -1.6319857128464523 0.13719575092590233 -1.0984722624814143 2.0088249522669837 0.91705865947476939 -0.021992362629454799 0.49398905118454634 0.5022516714026749 -0.50277565451990225 0.29819237521333891
decision_type=2 2 2 2 2 2 2 2 2 2 2 2 2
left_child=-1 5 3 12 -5 11 7 -4 9 -7 -10 -2 -3
right_child=1 2 6 4 -6 8 -8 -9 10 -11 -12 -13 -14
leaf_value=-0.00098349932937983513 3.2483450622811649e-05 0 -0.00031102070011842077 0.00085100242901627586 0.00019688951959168273 -0.00030377840656219812 0.00063511889017536305 0.00023310701615515759 -5.5233392891726109e-05 0.00011546386499286785 0.00024519994966063082 0.00058695205491286046 -0.00038746820927190127
leaf_weight=34 26 29 122 127 95 410 21 52 518 143 126 38 21
leaf_count=34 26 29 122 127 95 410 21 52 518 143 126 38 21
internal_value=0 2.17295e-05 0.000239054 0.000436978 0.00059078 -5.67575e-05 -2.43124e-05 -0.000130264 -8.56238e-05 -0.000189933 0 0.000418016 -0.000184083
internal_weight=1762 1728 467 272 222 1261 195 174 1197 553 644 64 50
internal_count=1762 1728 467 272 222 1261 195 174 1197 553 644 64 50
is_linear=0
shrinkage=0.03


Tree=9
num_leaves=11
num_cat=0
split_feature=22 13 15 26 29 15 20 34 16 26
split_gain=0.0384777 0.0244604 0.0200564 0.0188063 0.0258677 0.0195506 0.0177596 0.00570769 0.00438678 0.000810553
threshold=-1.1810558688998738 -1.6575306184961496 -1.1192817074433108 0.6971558291658605 -0.44464285444294077 0.62882185053691386 0.096230811422227405 0.10800979067660307 0.034741292344672395 0.54524509575187274
decision_type=2 2 2 2 2 2 2 2 2 2
left_child=-1 7 6 5 -5 -4 -3 9 -8 -2
right_child=1 2 3 4 -6 -7 8 -9 -10 -11
leaf_value=-0.00095638663553305559 0.0010458131810883061 0.0010320598867706832 -1.1954145776101457e-05 -0.00049911121382997716 0 0.00035484702766597339 -0.00019116181276738643 3.2027939670325177e-05 0.00033166153599242017 0.00030929888516664507
leaf_weight=34 21 28 1080 158 205 144 22 23 25 22
leaf_count=34 21 28 1080 158 205 144 22 23 25 22
internal_value=0 2.13212e-05 0 -2.46912e-05 -0.000214413 2.9516e-05 0.000467966 0.000574851 3.01496e-05 0.000778956
internal_weight=1762 1728 1662 1587 363 1224 75 66 47 43
internal_count=1762 1728 1662 1587 363 1224 75 66 47 43
is_linear=0
shrinkage=0.03


Tree=10
num_leaves=11
num_cat=0
split_feature=22 11 11 35 19 26 26 33 34 22
split_gain=0.0364022 0.0270715 0.0209542 0.0241859 0.017473 0.0170911 0.011746 0.00695532 0.00366387 0.00210764
threshold=-1.1810558688998738 -1.5336019611760296 1.3899518582041366 -1.2160906293611464 -0.16842861372762138 0.89070801948163536 -0.13166283552289212 0.19695017302713946 -0.73189500324246592 -0.20290120122833036
decision_type=2 2 2 2 2 2 2 2 2 2
left_child=-1 9 3 4 -3 -5 8 -8 -4 -2
right_child=1 2 6 5 -6 -7 7 -9 -10 -11
leaf_value=-0.00093002138999931816 0.00092933074555670223 0.0012385677940328606 0.00011187317233582559 4.87061584423514e-05 0.00018306923381533125 -0.00022628048064741923 -0.00074294122771337442 0 -0.00034162116451593848 0.0003004441918101071
leaf_weight=34 24 21 46 1193 61 242 59 24 20 38
leaf_count=34 24 21 46 1193 61 242 59 24 20 38
internal_value=0 2.09432e-05 -6.93538e-07 3.10894e-05 0.000522848 0 -0.000338246 -0.000570208 0 0.000621694
internal_weight=1762 1728 1666 1517 82 1435 149 83 66 62
internal_count=1762 1728 1666 1517 82 1435 149 83 66 62
is_linear=0
shrinkage=0.03


Tree=11
num_leaves=11
num_cat=0
split_feature=22 11 11 35 32 28 30 35 30 22
split_gain=0.0344291 0.0257308 0.0198586 0.0230472 0.0146938 0.0109232 0.0104302 0.0137665 0.0115349 0.00189883
threshold=-1.1810558688998738 -1.5336019611760296 1.3899518582041366 -1.8746169462621622 -0.016227577367766307 -0.50467146132094032 -0.27287105853224741 -2.6352572535843164 1.0000000180025095e-35 -0.20290120122833036
decision_type=2 2 2 2 2 2 2 2 2 2
left_child=-1 9 3 5 -5 -3 7 -4 -8 -2
right_child=1 2 6 4 -6 -7 8 -9 -10 -11
leaf_value=-0.00090438294513591529 0.00090454860807706909 0.001129151887698099 -0.00042427454193031213 -8.4296862047537148e-05 0.00010431757810043375 1.1694884535087183e-05 -0.00092442701369457468 0.00036754203890450299 -8.8631076623242702e-05 0.00029209038300621437
leaf_weight=34 24 22 39 739 736 20 39 33 38 38
leaf_count=34 24 22 39 739 736 20 39 33 38 38
internal_value=0 2.04453e-05 -6.03732e-07 3.02896e-05 7.80948e-06 0.000699951 -0.000329262 -2.11736e-05 -0.000568248 0.000606131
internal_weight=1762 1728 1666 1517 1475 42 149 72 77 62
internal_count=1762 1728 1666 1517 1475 42 149 72 77 62
is_linear=0
shrinkage=0.03


Tree=12
num_leaves=19
num_cat=0
split_feature=25 22 28 11 35 22 26 26 35 10 14 24 28 33 13 28 14 10
split_gain=0.0364223 0.026607 0.0262575 0.0324379 0.0187138 0.0164009 0.0159146 0.0131185 0.0111473 0.0121523 0.0107705 0.0105115 0.0104071 0.0098614 0.00291279 0.00276146 0.00235844 0.00196038
threshold=0.49178762232181433 -1.1810558688998738 -0.31256904117191192 1.1719139262312037 0.17918488503176092 -1.0984722624814143 0.29363474455322974 0.0046557772149993636 -0.34988479908378606 -1.1096679647676355 1.2729317201783299 -0.7051660825258288 -0.62897197430976781 -1.3423989238979657 -0.84173116109593693 -0.611885893262608 -0.50277565451990225 0.040352247345954086
decision_type=2 2 2 2 2 2 2 2 2 2 2 2 2 2 2 2 2 2
left_child=1 -1 3 4 13 16 10 15 12 -10 14 -8 -7 -2 -4 -5 -3 -6
right_child=2 5 6 7 17 8 11 -9 9 -11 -12 -13 -14 -15 -16 -17 -18 -19
leaf_value=-0.00087945133090220587 0 2.650244471191524e-05 0.00025968187707476318 0.00039249879570677876 -9.0776556002674619e-05 0.00066875922802968747 0 -0.00060155525598055385 0.00014341191697029735 -0.00015982950720969214 0.00071142346857232047 -0.0008082009314093738 8.5231211287004651e-06 0.00083808121885140907 -8.5431105851922634e-05 0 0.00055294094628245542 0.00025688935265592909
leaf_weight=34 20 26 27 22 27 25 29 28 124 910 21 30 138 142 79 22 38 20
leaf_count=34 20 26 27 22 27 25 29 28 124 910 21 30 138 142 79 22 38 20
internal_value=0 -8.08047e-05 0.000227404 0.000409875 0.000599245 -5.48614e-05 -3.45222e-05 -0.000101805 -8.232e-05 -0.000120261 0.000137379 -0.000441677 0.000138115 0.000750636 0 0.000170485 0.000394614 3.70317e-06
internal_weight=1762 1295 467 281 209 1261 186 72 1197 1034 127 59 163 162 106 44 64 47
internal_count=1762 1295 467 281 209 1261 186 72 1197 1034 127 59 163 162 106 44 64 47
is_linear=0
shrinkage=0.03


Tree=13
num_leaves=19
num_cat=0
split_feature=25 22 30 33 11 22 26 22 30 21 34 35 26 25 35 34 7 26
split_gain=0.0342516 0.0253474 0.0225881 0.0314766 0.0243796 0.0153903 0.0153815 0.012619 0.0109064 0.0107798 0.0115101 0.00998703 0.0120966 0.0104799 0.00889302 0.00247027 0.00173767 0.00123046
threshold=0.51194671445650597 -1.1810558688998738 -0.13538956083420636 -1.6319857128464523 1.1719139262312037 -1.0984722624814143 0.29363474455322974 -0.33570422311808473 -0.2443925706179236 0.2505029352945739 1.1667566952265793 -0.3088197061681574 0.96559517599807954 -0.44687734816628916 0.19296003011615484 -0.19547202164815325 0.29819237521333891 -1.2589431755572127
decision_type=2 2 2 2 2 2 2 2 2 2 2 2 2 2 2 2 2 2
left_child=1 -1 3 16 7 15 9 -5 -6 17 -11 13 -13 -7 -8 -3 -2 -4
right_child=2 5 6 4 8 11 14 -9 -10 10 -12 12 -14 -15 -16 -17 -18 -19
leaf_value=-0.00085520698940318477 0 0 9.4922220922614401e-05 0.0010848427417110202 0.00042871331286317271 0.00060641663861662727 -0.00064876506828004485 0.00033446449866377805 -0.00044109145936818093 0.00076359227062527859 0 -6.247511394131469e-05 -0.0003407431208569661 0 0 0.00050841898909779863 -0.00036416147719864968 -0.00011585126179392988
leaf_weight=34 29 20 35 80 25 30 37 50 21 40 21 865 178 145 33 44 21 54
leaf_count=34 29 20 35 80 25 30 37 50 21 40 21 865 178 145 33 44 21 54
internal_value=0 -7.56788e-05 0.000227665 0.000436348 0.000626739 -5.07219e-05 0 0.000832846 0 0.000180978 0.000479469 -7.6958e-05 -0.000113674 0.000123242 -0.000347833 0.000384897 -0.000174768 0
internal_weight=1762 1316 446 226 176 1282 220 130 46 150 61 1218 1043 175 70 64 50 89
internal_count=1762 1316 446 226 176 1282 220 130 46 150 61 1218 1043 175 70 64 50 89
is_linear=0
shrinkage=0.03


Tree=14
num_leaves=18
num_cat=0
split_feature=25 22 28 11 34 33 22 20 14 24 20 32 30 24 28 34 34
split_gain=0.0322666 0.0238226 0.0234926 0.0292493 0.0223341 0.0154273 0.0147483 0.0125214 0.0125016 0.0120754 0.0107493 0.0107281 0.0206412 0.00981196 0.0047796 0.00228923 0.00191674
threshold=0.49178762232181433 -1.1810558688998738 -0.31256904117191192 1.1719139262312037 -1.4674013029481421 -0.29203812601723156 -1.0984722624814143 -0.82018744627215068 2.0088249522669837 0.91705865947476939 0.54378391401715642 -0.021992362629454799 0.49398905118454634 -0.7051660825258288 -0.57854571121791909 -0.19547202164815325 1.1343047303144538
decision_type=2 2 2 2 2 2 2 2 2 2 2 2 2 2 2 2 2
left_child=1 -1 3 4 -2 -6 15 -5 9 10 -4 12 -8 -13 -9 -3 -11
right_child=2 6 8 7 5 -7 11 14 -10 16 -12 13 -14 -15 -16 -17 -18
leaf_value=-0.00083163099778451124 -4.541710905706215e-05 0 -7.2098472140013893e-05 -0.00066917693223338581 0.0011667738150031904 0.00045638074020051486 -0.00028382166056339453 0.00039285680819528117 0.00058598828444519316 0.0003414204122416456 -0.00074496505789360711 0.00017062923587935925 0.00012026916022535274 -7.6206042127217007e-05 -0.00010951969318091868 0.00049413998846408651 0
leaf_weight=34 35 20 79 22 53 121 410 28 21 31 35 214 143 430 22 44 20
leaf_count=34 35 20 79 22 53 121 410 28 21 31 35 214 143 430 22 44 20
internal_value=0 -7.57188e-05 0.000214367 0.000387028 0.000567003 0.000705822 -5.10385e-05 -9.71847e-05 -3.26094e-05 -0.000138255 -0.000318126 -7.71914e-05 -0.000173847 1.59092e-06 0.00012152 0.000374881 0.00020359
internal_weight=1762 1295 467 281 209 174 1261 72 186 165 114 1197 553 644 50 64 51
internal_count=1762 1295 467 281 209 174 1261 72 186 165 114 1197 553 644 50 64 51
is_linear=0
shrinkage=0.03


Tree=15
num_leaves=16
num_cat=0
split_feature=25 22 15 29 29 28 22 26 35 10 28 34 25 14 21
split_gain=0.0304306 0.0226745 0.0216494 0.0265867 0.0309475 0.0217914 0.0138287 0.0105774 0.00933317 0.0111144 0.00989153 0.00328243 0.00282469 0.00222081 0.000587852
threshold=0.51194671445650597 -1.1810558688998738 -0.50232478764540966 -0.48274493273016655 -0.4499542837675416 -0.48255938996188064 -1.0984722624814143 0.29363474455322974 -0.34988479908378606 -1.1096679647676355 -0.63364016324075834 2.0004512395896219 1.0771823368337821 -0.50277565451990225 -0.42164692503294177
decision_type=2 2 2 2 2 2 2 2 2 2 2 2 2 2 2
left_child=1 -1 5 -4 12 -2 13 -6 10 -10 -8 14 -5 -3 -7
right_child=2 6 3 4 7 11 8 -9 9 -11 -12 -13 -14 -15 -16
leaf_value=-0.00080870494592267812 0.00092711925767049346 1.0232668915956179e-05 0.00088532957670031459 -0.00022886176352672602 0.00028346105435390624 0 0.0006953892523306422 -9.8471485850372899e-05 0.00014437055930011412 -0.00014449307251383759 1.1945103754122689e-05 -9.220705458966011e-05 -0.0010796859474933667 0.00051629267636226579 0.00037472325339913369
leaf_weight=34 64 26 29 20 133 22 21 108 125 927 145 23 20 38 27
leaf_count=34 64 26 29 20 133 22 21 108 125 927 145 23 20 38 27
internal_value=0 -7.11897e-05 0.00021473 6.34323e-05 -1.92825e-05 0.000529204 -4.7453e-05 0.000100903 -7.2434e-05 -0.000107013 0.000126966 0.000112565 -0.000769688 0.000365145 0.00026615
internal_weight=1762 1316 446 310 281 136 1282 241 1218 1052 166 72 40 64 49
internal_count=1762 1316 446 310 281 136 1282 241 1218 1052 166 72 40 64 49
is_linear=0
shrinkage=0.03


Tree=16
num_leaves=26
num_cat=0
split_feature=25 28 11 34 33 26 26 34 30 11 32 29 23 28 28 30 24 29 11 14 19 16 32 28 21
split_gain=0.0286061 0.019989 0.0266759 0.0225586 0.0149955 0.0118454 0.0117584 0.0111743 0.026757 0.020233 0.022679 0.0121148 0.0118373 0.0110817 0.0166461 0.0105524 0.00989369 0.00962452 0.0095058 0.00929515 0.00394414 0.00315667 0.00279891 0.00200941 0.001544
threshold=0.51194671445650597 -0.33888788701424427 1.1719139262312037 -1.4674013029481421 -0.29203812601723156 0.29363474455322974 0.0046557772149993636 -0.082622962366971128 0.49398905118454634 -0.64606388565701067 0.012592022461161702 -0.49958441438288431 0.11939579646636635 -0.60955077748125575 -0.51980780948375471 -0.11240544689850625 -0.7051660825258288 -0.4296511957030737 -1.0757499520530209 1.2729317201783299 0.88696015333891054 -0.87181973285393111 -0.33206874480043053 -0.611885893262608 -0.61026673932894038
decision_type=2 2 2 2 2 2 2 2 2 2 2 2 2 2 2 2 2 2 2 2 2 2 2 2 2
left_child=7 2 3 -2 -5 19 23 9 13 10 20 -11 17 18 -15 -13 -7 -10 -9 21 -1 -3 -14 -4 -12
right_child=1 5 6 4 -6 16 -8 8 12 11 24 15 22 14 -16 -17 -18 -19 -20 -21 -22 -23 -24 -25 -26
leaf_value=0.00038720649793114854 -5.4948649620392204e-05 0.00026593863056792363 0.00035736973373685037 0.0011776055823295162 0.00044560389224948142 0 -0.00056169336340239925 -0.00017099612739940101 -8.2692477764008003e-05 -0.00055291313128757547 1.0139844886471967e-07 5.4200244726980261e-05 0 -0.00067528505309019237 -0.00020894474614667255 -0.00030557207581249153 -0.00073502712644403804 0.00042754018357663877 0.00056524235534016049 0.0006822044724730127 0.0010234626037552237 -9.2993336929939686e-05 -0.00033149958165505758 0 -0.00021572444994959289
leaf_weight=76 35 28 22 49 110 33 28 36 34 41 20 323 58 104 308 90 29 105 21 20 23 72 36 20 41
leaf_count=76 35 28 22 49 110 33 28 36 34 41 20 323 58 104 308 90 29 105 21 20 23 72 36 20 41
internal_value=0 0.000208456 0.000374461 0.000555841 0.000707338 -1.82935e-05 -8.93111e-05 -6.87521e-05 -0.000150804 2.04744e-05 0.000311103 -7.67551e-05 0.000101795 -0.000282501 -0.000337921 -1.86272e-05 -0.000359148 0.000282498 6.49495e-05 0.000137889 0.00059019 0 -0.00013496 0.000175395 -0.000101399
internal_weight=1762 446 264 194 159 182 70 1316 702 614 160 454 233 469 412 413 62 139 57 120 99 100 94 42 61
internal_count=1762 446 264 194 159 182 70 1316 702 614 160 454 233 469 412 413 62 139 57 120 99 100 94 42 61
is_linear=0
shrinkage=0.03


Tree=17
num_leaves=19
num_cat=0
split_feature=25 22 28 11 34 33 22 26 24 34 32 30 24 24 30 28 16 34
split_gain=0.027025 0.0208558 0.0201217 0.0255831 0.0201467 0.0132397 0.0127913 0.0127059 0.0106757 0.00975274 0.00966444 0.0185446 0.00904517 0.00859401 0.00419602 0.00396058 0.00240663 0.00213281
threshold=0.49178762232181433 -1.1810558688998738 -0.31256904117191192 1.1719139262312037 -1.4674013029481421 -0.29203812601723156 -1.0984722624814143 0.29363474455322974 -0.48643915102013024 1.2694436432816891 -0.021992362629454799 0.49398905118454634 -0.7051660825258288 -0.7051660825258288 1.0397789137065154 -0.57854571121791909 -0.83983195968208413 -0.19547202164815325
decision_type=2 2 2 2 2 2 2 2 2 2 2 2 2 2 2 2 2 2
left_child=1 -1 3 4 -2 -6 17 9 -5 14 11 -8 -12 -9 -4 -10 -11 -3
right_child=2 6 7 8 5 -7 10 13 15 16 12 -13 -14 -15 -16 -17 -18 -19
leaf_value=-0.00077637255794016282 -5.3430326612310868e-05 0 8.9297560763393086e-05 -0.00063801278881146577 0.0010871511932839762 0.00042297839608615884 -0.00026648923682335939 0 0.00034319666079090895 0 0.00016666245106003466 0.00011605311195905902 -7.0063423673062003e-05 -0.00072735446820628227 0.0006507037058239803 -0.00010999205889645962 -0.00032067029447267379 0.0004648100687141352
leaf_weight=34 35 20 49 21 53 121 410 29 29 20 214 143 430 30 27 22 31 44
leaf_count=34 35 20 49 21 53 121 410 29 29 20 214 143 430 30 27 22 31 44
internal_value=0 -6.89714e-05 0.0001965 0.000356407 0.000524997 0.00065723 -4.57272e-05 -3.10287e-05 -9.43975e-05 0.000120686 -7.024e-05 -0.00016208 4.37139e-06 -0.000396026 0.000343855 9.6898e-05 -0.000156952 0.00035058
internal_weight=1762 1295 467 281 209 174 1261 186 72 127 1197 553 644 59 76 51 51 64
internal_count=1762 1295 467 281 209 174 1261 186 72 127 1197 553 644 59 76 51 51 64
is_linear=0
shrinkage=0.03


Tree=18
num_leaves=28
num_cat=0
split_feature=25 30 33 11 26 34 30 16 32 20 29 29 25 21 34 30 29 31 29 35 33 32 13 17 7 26 25
split_gain=0.025448 0.0180143 0.0268613 0.0189916 0.0120672 0.0104171 0.0254167 0.0148588 0.0173464 0.0118817 0.0153958 0.00993397 0.0118282 0.00916721 0.00981973 0.00904929 0.0079389 0.00749708 0.00865397 0.00722925 0.00419423 0.00387336 0.00304508 0.00149143 0.0013742 0.00116826 0.000287925
threshold=0.51194671445650597 -0.13538956083420636 -1.6319857128464523 1.1719139262312037 0.29363474455322974 1.0000000180025095e-35 0.49398905118454634 -1.0364834462218102 0.012592022461161702 0.27738325771065098 -0.4296511957030737 -0.31022966908519234 -0.66145761767106459 0.2505029352945739 1.1667566952265793 -0.2443925706179236 0.46202254494716571 -0.11557431476278228 -0.49958441438288431 0.19296003011615484 -0.29203812601723156 -0.03020234939405823 -0.52496143272367946 -1.0178019902810165 0.29819237521333891 -1.2378413391614378 -1.2180039953945565
decision_type=2 2 2 2 2 2 2 2 2 2 2 2 2 2 2 2 2 2 2 2 2 2 2 2 2 2 2
left_child=5 2 24 20 13 7 11 8 26 10 -8 12 -7 25 -15 -5 -13 18 -9 -6 -4 -11 -19 -10 -2 -3 -1
right_child=1 4 3 15 19 6 9 17 23 21 -12 16 -14 14 -16 -17 -18 22 -20 -21 -22 -23 -24 -25 -26 -27 -28
leaf_value=0.00018732138493847425 0 6.9439183682112432e-05 0.0010268919337546156 0.00039493265811324822 -0.00058590936734690335 -0.00041173517227343834 -0.0001903728009426906 -0.00033241102771817477 3.1911418975695247e-06 0 0.00054556603010221406 -0.00073025623554559907 -1.7845426042128117e-05 0.00069404348688806555 0 -0.00039671309187542652 -4.6078423018168117e-05 0 5.8320845545693985e-05 0 0.00048345404113556628 -0.00033245888545473177 -0.00035477278439377964 -0.00024695378586721533 -0.00034955395291763126 -0.00012651171721518039 0.00075318043868173839
leaf_weight=20 29 38 52 25 37 125 28 55 20 81 79 73 186 40 21 21 32 26 404 33 78 38 81 23 21 51 45
leaf_count=20 29 38 52 25 37 125 28 55 20 81 79 73 186 40 21 21 32 26 404 33 78 38 81 23 21 51 45
internal_value=0 0.000196689 0.00038295 0.000559642 0 -6.47674e-05 -0.000151391 1.36171e-05 0.000334357 9.40618e-05 0.000325771 -0.000291616 -0.000188137 0.000154142 0.000430755 0 -0.000556595 -4.3752e-05 3.15313e-06 -0.000314605 0.000741645 -9.25795e-05 -0.000266833 -7.27696e-05 -0.000178871 -1.07025e-05 0.000639133
internal_weight=1762 446 226 176 220 1316 642 674 108 226 107 416 311 150 61 46 105 566 459 70 130 119 107 43 50 89 65
internal_count=1762 446 226 176 220 1316 642 674 108 226 107 416 311 150 61 46 105 566 459 70 130 119 107 43 50 89 65
is_linear=0
shrinkage=0.03


Tree=19
num_leaves=11
num_cat=0
split_feature=22 11 11 16 26 26 26 33 15 22
split_gain=0.0236738 0.0203848 0.0176061 0.0194591 0.0286863 0.0155051 0.00930339 0.00563567 0.00276848 0.00121371
threshold=-1.1810558688998738 -1.5336019611760296 1.3899518582041366 1.023663200553381 0.63894774404572208 0.89070801948163536 -0.13166283552289212 0.19695017302713946 0.1703075562128312 -0.20290120122833036
decision_type=2 2 2 2 2 2 2 2 2 2
left_child=-1 9 3 5 -5 -3 8 -8 -4 -2
right_child=1 2 6 4 -6 -7 7 -9 -10 -11
leaf_value=-0.00074936748112274985 0.00080118093339519368 3.8815070199484145e-05 -0.00028732975839637219 0.00011676091379486024 0.0011723548622723037 -0.00022137171232872697 -0.00067330881090498624 0 9.5391180382377677e-05 0.00025349865224291913
leaf_weight=34 24 1108 22 132 28 249 59 24 44 38
leaf_count=34 24 1108 22 132 28 249 59 24 44 38
internal_value=0 1.74814e-05 -1.05756e-06 2.79234e-05 0.000338072 -7.10451e-06 -0.000310583 -0.000517544 0 0.000538851
internal_weight=1762 1728 1666 1517 160 1357 149 83 66 62
internal_count=1762 1728 1666 1517 160 1357 149 83 66 62
is_linear=0
shrinkage=0.03


Tree=20
num_leaves=14
num_cat=0
split_feature=25 22 15 21 28 23 15 33 22 35 28 10 30
split_gain=0.0239346 0.0183431 0.0181219 0.0137006 0.0133925 0.0131333 0.0130928 0.0125989 0.0116112 0.00937039 0.0116823 0.0103063 0.00459895
threshold=0.49178762232181433 -1.1810558688998738 -0.91269831092534426 2.9974704591964723 -0.49258509974082759 0.57378516592890139 -0.2646087387606047 0.8809159507537262 -1.0955602516148182 -0.2339212921187834 -0.65028982288531811 -1.1096679647676355 -0.19396450614225949
decision_type=2 2 2 2 2 2 2 2 2 2 2 2 2
left_child=1 -1 4 5 -2 6 -4 -7 12 10 -10 -11 -3
right_child=2 8 3 -5 -6 7 -8 -9 9 11 -12 -13 -14
leaf_value=-0.00072870924717721502 0.0010557585326314437 0 0.00019956121542848203 0.00079150586586445562 3.5884687188081433e-05 0.00048707537187177589 -0.00024724759796512406 -4.5340236623517488e-05 0.00073220571340061732 0.00013376363783496463 7.8372800217830046e-06 -0.00014877267870696493 0.00042405268994926082
leaf_weight=34 33 28 85 22 27 92 156 52 21 121 181 851 59
leaf_count=34 33 28 85 22 27 92 156 52 21 121 181 851 59
internal_value=0 -6.49422e-05 0.000184891 0.000101988 0.000667998 4.90399e-05 -7.68483e-05 0.000277404 -4.29848e-05 -7.00511e-05 0.00010739 -0.000110221 0.000279082
internal_weight=1762 1295 467 407 60 385 241 144 1261 1174 202 972 87
internal_count=1762 1295 467 407 60 385 241 144 1261 1174 202 972 87
is_linear=0
shrinkage=0.03


Tree=21
num_leaves=14
num_cat=0
split_feature=22 11 30 11 30 22 15 29 15 29 26 33 13
split_gain=0.0211985 0.0192777 0.0211768 0.020439 0.0250447 0.0165687 0.0142707 0.0193094 0.00880714 0.00732967 0.00303428 0.00109007 0.000880255
threshold=-1.1810558688998738 1.3899518582041366 -0.13878648945101332 0.51502646616950354 -0.22388516394648114 -0.66813325309947758 3.7620426555197546 -0.1850363198747482 0.44456260334988845 1.0875000072476695 -0.040996153033764089 -0.69539071460981161 1.4063477320910136
decision_type=2 2 2 2 2 2 2 2 2 2 2 2 2
left_child=-1 2 3 4 -2 -5 7 -4 9 12 11 -10 -3
right_child=1 8 6 5 -6 -7 -8 -9 10 -11 -12 -13 -14
leaf_value=-0.00070862050974942949 -0.00014441947900922968 -0.0010244478039164097 -1.2375686453397374e-05 -0.00015335835095902438 0.00025905262129296116 0.00053619133408243174 0.00067332943634589709 -0.00044017342146304722 0.00023634028976532415 -5.4220280173467467e-05 -0.00027930833316600789 0 -0.0003233339019019955
leaf_weight=34 256 22 705 29 284 175 20 110 23 33 26 20 25
leaf_count=34 256 22 705 29 284 175 20 110 23 33 26 20 25
internal_value=1.03907e-07 1.69858e-05 4.95974e-05 0.000166637 6.2511e-05 0.000422872 -5.13306e-05 -7.51853e-05 -0.000303031 -0.000513451 -6.16963e-06 0.000101211 -0.000753291
internal_weight=1762 1728 1579 744 540 204 835 815 149 80 69 43 47
internal_count=1762 1728 1579 744 540 204 835 815 149 80 69 43 47
is_linear=0
shrinkage=0.03


Tree=22
num_leaves=17
num_cat=0
split_feature=25 29 15 29 30 22 22 32 30 15 24 30 29 32 25 34
split_gain=0.0221611 0.0188291 0.0242367 0.029544 0.020015 0.0163214 0.0109171 0.00851057 0.0169844 0.00849383 0.00838714 0.00424477 0.003418 0.00198458 0.001556 0.00123523
threshold=0.49178762232181433 -0.48274493273016655 -0.5721197503359372 -0.4499542837675416 -0.12241820896760157 -1.1810558688998738 -1.0955602516148182 -0.021992362629454799 0.49398905118454634 0.80314764642686154 -0.7051660825258288 -0.19396450614225949 -0.4914637807119725 0.0082983217094870412 0.94201649927256359 2.0004512395896219
decision_type=2 2 2 2 2 2 2 2 2 2 2 2 2 2 2 2
left_child=5 12 4 14 13 -1 11 8 -8 -5 -9 -7 -2 -3 -4 -6
right_child=1 2 3 9 15 6 7 10 -10 -11 -12 -13 -14 -15 -16 -17
leaf_value=-0.00068908555541388891 0.00022853263344554958 0.0010069017230807064 -0.00025696436653379348 0 0.00014518691334607344 0 -0.00025477291269340453 0.00015862137996592966 0.00011225995068470466 0.00038866293426995509 -7.1042452644906002e-05 0.00040961757418042378 0.0011155711666316441 0.00036562372074695309 -0.001020345086697489 -0.00011355263708512586
leaf_weight=34 20 38 21 197 32 28 406 214 142 59 412 59 20 33 21 26
leaf_count=34 20 38 21 197 32 28 406 214 142 59 412 59 20 33 21 26
internal_value=0 0.000177887 0.000108587 -3.16998e-05 0.000448742 -6.25136e-05 -4.16507e-05 -6.79577e-05 -0.000154128 8.15204e-05 3.08143e-06 0.000270442 0.000788707 0.00077629 -0.000747898 0
internal_weight=1762 467 427 298 129 1295 1261 1174 548 256 626 87 40 71 42 58
internal_count=1762 467 427 298 129 1295 1261 1174 548 256 626 87 40 71 42 58
is_linear=0
shrinkage=0.03


Tree=23
num_leaves=10
num_cat=0
split_feature=22 11 11 35 20 29 14 21 22
split_gain=0.018944 0.0184342 0.0158455 0.0177419 0.0223216 0.012127 0.00665192 0.00711073 0.000851988
threshold=-1.1810558688998738 -1.5336019611760296 1.406577040605298 -1.1136672119556461 -0.57509884247016585 -0.49927078457796564 -0.23530398833328772 0.64125924799458522 -0.20290120122833036
decision_type=2 2 2 2 2 2 2 2 2
left_child=-1 8 3 4 -3 -5 -4 -8 -2
right_child=1 2 6 5 -6 -7 7 -9 -10
leaf_value=-0.00067008914874010792 0.00075565553668679466 0.0012547023233188234 -0.00070170360415196384 -0.00037230616712709893 0.0001055095106639783 1.9480596839181931e-05 0 -0.00048552895018120151 0.00024049611297640496
leaf_weight=34 24 20 31 72 69 1363 76 35 38
leaf_count=34 24 20 31 72 69 1363 76 35 38
internal_value=0 1.58691e-05 -1.67379e-06 2.49786e-05 0.000428857 0 -0.000303006 -0.000149807 0.000511739
internal_weight=1762 1728 1666 1524 89 1435 142 111 62
internal_count=1762 1728 1666 1524 89 1435 142 111 62
is_linear=0
shrinkage=0.03


Tree=24
num_leaves=17
num_cat=0
split_feature=25 15 29 29 28 22 22 22 10 29 20 10 22 32 21 29
split_gain=0.0207343 0.0164225 0.0214698 0.0266728 0.0166592 0.0146132 0.00999855 0.00856147 0.00724661 0.00910022 0.00479788 0.00408967 0.00366258 0.00235835 0.00117082 3.34112e-05
threshold=0.51194671445650597 -0.50232478764540966 -0.48274493273016655 -0.4499542837675416 -0.48255938996188064 -1.1810558688998738 -1.0955602516148182 1.5063470016435694 -1.323742973499537 -0.49927078457796564 -0.77756334126310989 0.62615370731686859 0.73732069331255634 0.0082983217094870412 -0.14946930394567162 -0.41204303741285686
decision_type=2 2 2 2 2 2 2 2 2 2 2 2 2 2 2 2
left_child=5 4 -3 10 13 -1 11 -5 12 -10 -4 -7 -8 -2 15 -6
right_child=1 2 3 7 14 6 8 -9 9 -11 -12 -13 -14 -15 -16 -17
leaf_value=-0.00065161641090604903 0.0010403805198944418 0.00078498498632689003 -0.0010705724426585694 0.00020179989165932383 -3.3686576360512684e-05 0.00039674181322897634 0.00031598807931732155 -0.0001754947898533969 -0.00041265475735068318 -5.9584090241892576e-05 -0.00015402441573045822 0 -2.1258419787045564e-05 0.00034424481937185195 0.0002363717032712884 1.1503587919287377e-05
leaf_weight=34 35 29 20 173 20 59 61 68 72 1037 20 28 25 29 25 27
leaf_count=34 35 29 20 173 20 59 61 68 72 1037 20 28 25 29 25 27
internal_value=0 0.000177616 4.47618e-05 -2.85531e-05 0.00045136 -5.83846e-05 -3.88322e-05 8.21994e-05 -6.36799e-05 -8.62559e-05 -0.000724784 0.000259879 0.000186831 0.000799258 8.25163e-05 0
internal_weight=1762 446 310 281 136 1316 1282 241 1195 1109 40 87 86 64 72 47
internal_count=1762 446 310 281 136 1316 1282 241 1195 1109 40 87 86 64 72 47
is_linear=0
shrinkage=0.03


Tree=25
num_leaves=24
num_cat=0
split_feature=25 15 29 29 26 34 31 11 31 18 15 25 29 19 34 15 28 29 29 29 34 29 34
split_gain=0.0196052 0.0156717 0.0203569 0.0265204 0.0158381 0.00881408 0.016217 0.013523 0.0169278 0.0132799 0.015461 0.0106026 0.00983266 0.0115078 0.00979861 0.00802185 0.00712884 0.00699029 0.0057978 0.00483959 0.00278806 0.00172814 0.00105037
threshold=0.51194671445650597 -0.50232478764540966 -0.47927495669713543 -0.4499542837675416 -0.073492231462070762 1.0000000180025095e-35 0.76788130337162919 -0.64606388565701067 -0.22424483109120802 1.1803926337857777 -0.69198682706384129 -0.265608764989615 -0.31022966908519234 -0.35502788951055381 -0.10407640244792324 0.80314764642686154 -0.48255938996188064 0.46202254494716571 -0.39543864113553173 -0.12925213092011131 0.89721406927989378 -0.39081910624223631 2.0004512395896219
decision_type=2 2 2 2 2 2 2 2 2 2 2 2 2 2 2 2 2 2 2 2 2 2 2
left_child=5 4 -3 -4 16 7 12 8 19 10 -9 18 13 -7 -10 -5 21 -14 -8 -1 -13 -2 -18
right_child=1 2 3 15 -6 6 11 9 14 -11 -12 20 17 -15 -16 -17 22 -19 -20 -21 -22 -23 -24
leaf_value=-0.00030523310851172675 0.00072078196201473478 0.00075159331032773481 -0.00073326108202205172 -3.9837006540525877e-06 0.0012046947613884897 -0.00029912548739354102 0 0.0001894335519427488 0.00062338100045362379 0.00047012585387953246 -0.00021950996616338733 -0.00027719264592354496 -0.00065535958467900183 4.2284498223232036e-05 0 0.00037882438537637989 0.00012424291380947188 -3.1032465171773683e-05 0.00051558033340552353 0.00012510258661281755 0 8.8334293681723253e-05 -8.7318858015350982e-05
leaf_weight=46 27 30 39 183 20 185 30 100 83 33 338 42 76 142 43 58 46 34 53 31 80 20 23
leaf_count=46 27 30 39 183 20 185 30 100 83 33 338 42 76 142 43 58 46 34 53 31 80 20 23
internal_value=0 0.000172725 4.2725e-05 -2.97867e-05 0.000440149 -5.67583e-05 -0.000136556 1.50881e-05 0.000221511 -6.83897e-05 -0.000118688 7.18614e-05 -0.000240968 -0.00014274 0.0004367 7.93743e-05 0.000256074 -0.000494881 0.00033529 -9.62867e-05 -8.71023e-05 0.000533103 1.13557e-05
internal_weight=1762 446 310 280 136 1316 642 674 203 471 438 205 437 327 126 241 116 110 83 77 122 47 69
internal_count=1762 446 310 280 136 1316 642 674 203 471 438 205 437 327 126 241 116 110 83 77 122 47 69
is_linear=0
shrinkage=0.03


Tree=26
num_leaves=26
num_cat=0
split_feature=25 29 30 7 34 32 30 10 32 35 20 17 30 20 16 26 4 19 25 16 34 21 26 29 17
split_gain=0.0185841 0.016219 0.0163636 0.0215627 0.0125154 0.00943983 0.0167932 0.0132596 0.0118317 0.0124227 0.0133023 0.00989295 0.00871835 0.0104237 0.00813484 0.0124864 0.00795772 0.00637341 0.00601671 0.0051184 0.00665803 0.00472878 0.00424281 0.00335655 0.00118825
threshold=0.49178762232181433 -0.48274493273016655 -0.13155503748394984 0.59555917656729973 -1.3920674221080851 -0.016227577367766307 0.49398905118454634 -0.736797285148728 0.0047823899089996661 -0.21491490094719176 -0.19148189738879834 0.39984624438700139 1.0397789137065154 0.11754286392674786 -0.17916417010965993 -0.71273169812270865 0.18250204499473135 0.99430560518926103 0.10494673901262665 -0.2888249983284577 1.2350476799736019 -0.84680941808254284 -0.40182631108371764 -0.4914637807119725 -0.12901340768558583
decision_type=2 2 2 2 2 2 2 2 2 2 2 2 2 2 2 2 2 2 2 2 2 2 2 2 2
left_child=5 23 3 4 -3 6 7 21 14 18 -11 -9 22 -14 17 -16 -5 -7 -10 24 -21 -1 -4 -2 -8
right_child=1 2 12 16 -6 8 19 11 9 10 -12 -13 13 -15 15 -17 -18 -19 -20 20 -22 -23 -24 -25 -26
leaf_value=0.00039924623246098722 0.0001901403287787537 0 0 4.1310381128227905e-05 0.00057864104126907905 0.00020097737908927782 0 -0.0004497161730458124 0.0003747532051913108 0.00017910317437123662 -0.00026066109664515849 -0.00010276590306621305 0.00065800903972238302 -3.3453317525397448e-05 0.00049347780911444589 -0.00026380789490322061 -0.00061265214117548362 0.00082296273655568558 -9.8109832126647195e-06 0.00041523405793122942 -3.990637205424718e-05 -4.2942877132145883e-05 -0.00037752698160733815 0.0010459747778089798 -0.00024238691606518365
leaf_weight=23 20 38 47 26 133 96 34 216 67 70 263 155 22 60 26 57 23 24 47 70 29 98 78 20 20
leaf_count=23 20 38 47 26 133 96 34 216 67 70 263 155 22 60 26 57 23 24 47 70 29 98 78 20 20
internal_value=1.37688e-07 0.000163442 9.85749e-05 0.000280233 0.00044381 -5.66832e-05 -0.000138356 -0.00022562 2.00306e-05 -6.11537e-05 -0.000158516 -0.000314772 -8.14515e-05 0.000133443 0.000211646 0 -0.000225595 0.000366803 0.000194378 0.000121967 0.000255246 2.45417e-05 -0.000245684 0.000730945 -7.032e-05
internal_weight=1762 467 427 220 171 1295 645 492 650 447 333 371 207 82 203 83 49 120 114 153 99 121 125 40 54
internal_count=1762 467 427 220 171 1295 645 492 650 447 333 371 207 82 203 83 49 120 114 153 99 121 125 40 54
is_linear=0
shrinkage=0.03


Tree=27
num_leaves=20
num_cat=0
split_feature=25 22 30 34 11 26 26 26 29 11 10 24 22 34 34 14 30 25 3
split_gain=0.0175491 0.0140268 0.0133534 0.0211858 0.0205992 0.00936952 0.0092596 0.0179736 0.0129674 0.01161 0.00961895 0.00677151 0.00658978 0.00534882 0.00806589 0.00387235 0.00341472 0.00228275 0.00071478
threshold=0.51194671445650597 -1.1810558688998738 -0.13155503748394984 -1.3920674221080851 1.0488963654326224 0.29363474455322974 0.96559517599807954 1.7726748262826595 -0.4284237429186229 1.7083130736482246 -1.1096679647676355 -0.48643915102013024 -0.38173442997427481 1.2694436432816891 -0.36315610237100121 -0.21141595764678564 -0.44343741416595056 0.77913296962501322 0.15273035757259665
decision_type=2 2 2 2 2 2 2 2 2 2 2 2 2 2 2 2 2 2 2
left_child=1 -1 3 17 15 13 9 16 -9 10 -3 -6 -7 14 -4 -5 -8 -2 -15
right_child=2 6 5 4 11 12 7 8 -10 -11 -12 -13 -14 18 -16 -17 -18 -19 -20
leaf_value=-0.00063391075842082496 0 0.00028098565304351622 -7.5326147278951055e-05 0.00095303814190050547 -0.00035977969714946561 0 0 -0.00023934881981973457 0.00036232545751174597 -0.00057826967174187303 -8.9296975252831797e-06 0.00024830257279031414 -0.00056049819087217515 0 0.00044457291180192499 0.00038809854874112217 -0.00058796781492752152 -0.00039085867291609958 -0.00018256128226806008
leaf_weight=34 32 111 28 58 20 32 20 66 56 27 921 48 35 28 68 52 81 20 25
leaf_count=34 32 111 28 58 20 32 20 66 56 27 921 48 35 28 68 52 81 20 25
internal_value=2.71562e-07 -5.31656e-05 0.00016393 0.000321504 0.000479941 0 -3.3985e-05 -0.000208424 1.48971e-05 4.07941e-07 2.00786e-05 1.95563e-05 -0.000292946 0.000126318 0.000264945 0.000729918 -0.000499674 -0.000162886 -7.19498e-05
internal_weight=1762 1316 446 230 178 216 1282 223 122 1059 1032 68 67 149 96 110 101 52 53
internal_count=1762 1316 446 230 178 216 1282 223 122 1059 1032 68 67 149 96 110 101 52 53
is_linear=0
shrinkage=0.03


Tree=28
num_leaves=19
num_cat=0
split_feature=25 15 26 10 22 26 35 23 26 26 21 11 28 31 15 30 23 34
split_gain=0.0165276 0.0137608 0.0146573 0.0141156 0.0132491 0.0129283 0.0110998 0.00899408 0.00874843 0.0169957 0.0117421 0.0179081 0.00629458 0.00559032 0.00507797 0.00313958 0.0023506 0.000826522
threshold=0.51194671445650597 -0.50232478764540966 -0.073492231462070762 -1.0071736899562092 -1.1810558688998738 -0.019332100748226316 0.13784807339155244 0.60132391559329745 0.96559517599807954 1.7726748262826595 0.2505029352945739 0.63210123553534758 -0.48255938996188064 0.3322913345494084 -0.15348916958663861 -0.44343741416595056 0.20889673287565361 2.0004512395896219
decision_type=2 2 2 2 2 2 2 2 2 2 2 2 2 2 2 2 2 2
left_child=4 2 12 16 -1 7 -7 -5 10 15 11 -6 -2 -12 -11 -10 -3 -14
right_child=1 3 -4 5 8 6 -8 -9 9 14 13 -13 17 -15 -16 -17 -18 -19
leaf_value=-0.00061643538286758435 0.00049124086753930905 0.00076523724200204014 0.0011437294125486084 -5.8198702984004141e-06 2.9064014697751888e-05 -0.00043895198258706519 4.782148638833695e-05 0.00047653157510882556 0 0.00043395016842987389 0.00033885761643309264 -0.00028914616949362817 0.00010676937922360186 -4.7356673163331797e-05 -5.0033492073167247e-05 -0.00057095874653064773 9.3702707737684245e-05 -8.4421752450557845e-05
leaf_weight=34 47 22 20 68 712 90 58 50 20 20 121 198 46 28 102 81 22 23
leaf_count=34 47 22 20 68 712 90 58 50 20 20 121 198 46 28 102 81 22 23
internal_value=0 0.000158832 0.000409385 3.6457e-05 -5.18616e-05 -3.74069e-05 -0.000231162 0.00018052 -3.31496e-05 -0.000202699 2.00262e-07 -3.76096e-05 0.000231922 0.000247041 1.38187e-05 -0.000485936 0.000520713 5.10195e-07
internal_weight=1762 446 136 310 1316 266 148 118 1282 223 1059 910 116 149 122 101 44 69
internal_count=1762 446 136 310 1316 266 148 118 1282 223 1059 910 116 149 122 101 44 69
is_linear=0
shrinkage=0.03


Tree=29
num_leaves=16
num_cat=0
split_feature=25 15 29 29 26 22 29 29 20 26 26 22 28 34 29
split_gain=0.0157504 0.0129998 0.0179157 0.0241391 0.013857 0.0125199 0.00908272 0.0174292 0.0138936 0.0198954 0.0132466 0.00731077 0.00596622 0.000994317 0.000590476
threshold=0.51194671445650597 -0.50232478764540966 -0.47927495669713543 -0.4499542837675416 -0.073492231462070762 -1.1810558688998738 -0.49927078457796564 -0.50244668294877992 0.35197544147647258 -0.69575277825186344 0.96559517599807954 1.5063470016435694 -0.50467146132094032 2.0004512395896219 -0.41204303741285686
decision_type=2 2 2 2 2 2 2 2 2 2 2 2 2 2 2
left_child=5 4 -3 -4 12 -1 7 -7 9 -8 -10 -5 14 -14 -2
right_child=1 2 3 11 -6 6 8 -9 10 -11 -12 -13 13 -15 -16
leaf_value=-0.00059944175833181752 0.00068219986159354453 0.00070167252955831243 -0.00070265551653158459 0.00018346691067827947 0.001113893005108643 0.00013596060990331402 0.0004041017452041463 -0.0006434896996351337 -7.3180114164760992e-05 0 -0.00063025154660766318 -0.00016465724335038958 0.00011683635193266025 -8.2181325209183752e-05 0.00011259094717831389
leaf_weight=34 22 30 39 173 20 35 132 56 459 558 42 68 51 23 20
leaf_count=34 22 30 39 173 20 35 132 56 459 558 42 68 51 23 20
internal_value=5.08402e-08 0.000155189 3.59207e-05 -3.14912e-05 0.000398824 -5.04852e-05 -3.22262e-05 -0.000317015 -7.21213e-06 7.72861e-05 -0.000129307 7.21291e-05 0.000225353 1.52266e-05 0.000503213
internal_weight=1762 446 310 280 136 1316 1282 91 1191 690 501 241 116 74 42
internal_count=1762 446 310 280 136 1316 1282 91 1191 690 501 241 116 74 42
is_linear=0
shrinkage=0.03


Tree=30
num_leaves=18
num_cat=0
split_feature=25 15 29 29 26 22 16 20 29 26 29 15 28 20 25 34 29
split_gain=0.0149659 0.0124112 0.0169636 0.0227905 0.0130533 0.01183 0.00860105 0.0140666 0.0131059 0.00946078 0.00789455 0.00715127 0.0057065 0.00553766 0.00504701 0.000942259 0.000472639
threshold=0.51194671445650597 -0.50232478764540966 -0.47927495669713543 -0.4499542837675416 -0.073492231462070762 -1.1810558688998738 -1.2214367456721902 0.58640801902619721 -0.49927078457796564 0.6971558291658605 -0.50271702122392636 0.80314764642686154 -0.50467146132094032 0.83149662282818204 -1.4032429129119468 2.0004512395896219 -0.41204303741285686
decision_type=2 2 2 2 2 2 2 2 2 2 2 2 2 2 2 2 2
left_child=5 4 -3 -4 12 -1 7 14 10 -10 -8 -5 16 -9 -7 -14 -2
right_child=1 2 3 11 -6 6 8 13 9 -11 -12 -13 15 -15 -16 -17 -18
leaf_value=-0.00058291659949699767 0.00066418978080153457 0.00068253600054992022 -0.00068308154427047286 -8.3631494410163271e-06 0.0010848349138554033 0 0 -0.00035465891645955185 1.6921366536658609e-05 -0.00018822096042200455 -0.00063472225369716224 0.00035309451512255722 0.00011352598717692469 0.0001517981518861941 0.00057320401061406292 -8.0000364749978925e-05 0.00010965379301215642
leaf_weight=34 22 30 39 183 20 20 22 39 805 259 52 58 51 24 61 23 20
leaf_count=34 22 30 39 183 20 20 22 39 805 259 52 58 51 24 61 23 20
internal_value=6.07051e-08 0.000151327 3.45606e-05 -3.0764e-05 0.000389413 -4.91575e-05 -3.13391e-05 0.000179699 -6.1075e-05 -3.05918e-05 -0.000442145 6.96034e-05 0.000219976 -0.000118138 0.000443011 1.36415e-05 0.000491706
internal_weight=1762 446 310 280 136 1316 1282 144 1138 1064 74 241 116 63 81 74 42
internal_count=1762 446 310 280 136 1316 1282 144 1138 1064 74 241 116 63 81 74 42
is_linear=0
shrinkage=0.03


Tree=31
num_leaves=24
num_cat=0
split_feature=30 15 30 15 15 19 30 10 23 29 23 26 19 22 9 32 29 26 29 14 30 17 12
split_gain=0.0147488 0.020299 0.0139849 0.0189129 0.0185878 0.0147324 0.0128098 0.0160224 0.0143876 0.0153496 0.012863 0.0118724 0.0117673 0.0110924 0.00953485 0.00874527 0.00857731 0.00456051 0.00393621 0.00317519 0.00310182 0.00229247 0.0021907
threshold=-0.13878648945101332 -1.0233821109159775 -0.19606558879026662 0.44456260334988845 0.17786735252560945 0.31813370092147492 0.49398905118454634 -0.78304183347219236 0.074645328261722779 -0.4296511957030737 0.43953376131497052 -0.019332100748226316 -0.30687291740902195 -0.66813325309947758 -0.076011551465243535 -0.023812160464660798 -0.48420956683108418 0.51585994524692202 -0.17182692242536621 -0.032942921841437101 -0.071902339337473337 -0.94860025843417428 -0.72767764927729017
decision_type=2 2 2 2 2 2 2 2 2 2 2 2 2 2 2 2 2 2 2 2 2 2 2
left_child=1 13 3 5 12 -3 7 19 9 -8 15 -5 -4 -1 -11 -9 -12 -6 22 21 -21 -2 -10
right_child=6 2 4 11 17 -7 8 10 18 14 16 -13 -14 -15 -16 -17 -18 -19 -20 20 -22 -23 -24
leaf_value=0 0.00044232043132598682 -2.047110342779585e-05 7.4015107954193533e-05 0.00049461662012516717 -0.00039321265126636716 -0.00043806840321765497 -0.00022775241487085754 -0.00043492145452893544 0.00014968157895539963 0 0.00047516943817858451 -3.0660272742398627e-05 0.00061387509249778715 0.00086690774597227569 0.00057103951856690011 0 -0.00013055103624284994 5.4692479979179605e-06 -0.00037094599132406268 -0.00024391111413569889 0.00014715773875987662 0 -0.00010440333972776148
leaf_weight=22 30 267 79 76 29 114 39 257 33 51 25 56 101 42 92 58 79 68 44 29 38 21 112
leaf_count=22 30 267 79 76 29 114 39 257 33 51 25 56 101 42 92 58 79 68 44 29 38 21 112
internal_value=1.9564e-07 9.12073e-05 4.43913e-05 -4.36346e-05 0.000216849 -0.00015568 -8.21288e-05 -0.000176638 4.69664e-05 0.000241177 -0.000265439 0.00025382 0.000398428 0.000596453 0.000391667 -0.000360424 0 -9.19449e-05 -0.000125272 0.000112649 0 0.000285227 -2.44449e-05
internal_weight=1762 854 790 513 277 381 908 537 371 182 419 132 180 64 143 315 104 97 189 118 67 51 145
internal_count=1762 854 790 513 277 381 908 537 371 182 419 132 180 64 143 315 104 97 189 118 67 51 145
is_linear=0
shrinkage=0.03


Tree=32
num_leaves=25
num_cat=0
split_feature=30 15 30 15 15 26 30 10 23 29 23 24 19 22 24 32 29 16 10 26 25 29 29 21
split_gain=0.0138874 0.0192042 0.0132275 0.0180322 0.0175543 0.0153053 0.012025 0.0151818 0.0135694 0.0145553 0.0123827 0.0113092 0.0110155 0.0105534 0.0102134 0.00845907 0.00811758 0.00495348 0.00650342 0.00433191 0.0028485 0.00480094 0.00223181 5.45843e-05
threshold=-0.13878648945101332 -1.0233821109159775 -0.19606558879026662 0.67533389226711804 0.17786735252560945 0.08201668364640062 0.49398905118454634 -0.76247152159194687 0.074645328261722779 -0.4296511957030737 0.43953376131497052 -0.80237805208391699 -0.30687291740902195 -0.52033592964225173 -0.19480324234586541 -0.023812160464660798 -0.48420956683108418 -0.92867914435278665 1.0219494371378885 0.51585994524692202 -0.74240218844768802 -0.44759194680394948 -0.40583847934792688 -0.57340291643263952
decision_type=2 2 2 2 2 2 2 2 2 2 2 2 2 2 2 2 2 2 2 2 2 2 2 2
left_child=1 13 3 11 12 -5 7 20 9 -8 15 -3 -4 -1 -11 -9 -12 23 -19 -6 21 -2 -22 -10
right_child=6 2 4 5 19 -7 8 10 17 14 16 -13 -14 -15 -16 -17 -18 18 -20 -21 22 -23 -24 -25
leaf_value=1.6807858291412548e-05 -0.00035434883667363065 0.00026888004514597809 7.1875891744772465e-05 0.00063760923367532846 -0.00038252218871639342 -3.5714761392548948e-05 -0.00022140788438680049 -0.00042893509374809899 0.00016082201439028722 0.00062152963497926698 0.00046244168279476329 -0.00019735567856443356 0.00059599007330962185 0.00090638408892286504 5.8140460060725744e-05 0 -0.00012677779599906035 -0.00030361797733257842 0.00017752425291109829 5.3120964873068885e-06 0.00031439405322909524 0.00020828673485210974 0 0
leaf_weight=28 24 46 79 54 29 48 39 252 22 75 25 365 101 36 68 58 79 125 21 68 56 20 23 21
leaf_count=28 24 46 79 54 29 48 39 252 22 75 25 365 101 36 68 58 79 125 21 68 56 20 23 21
internal_value=2.66129e-07 8.86275e-05 4.29808e-05 -4.2499e-05 0.000210762 0.000300212 -7.95654e-05 -0.000171171 4.53158e-05 0.000234098 -0.000259859 -0.000136357 0.000387305 0.00058015 0.000380872 -0.000354357 0 -0.000121667 -0.000212097 -8.86355e-05 0.000102611 -3.78048e-05 0.000215925 0.000113967
internal_weight=1762 854 790 513 277 102 908 537 371 182 414 411 180 64 143 310 104 189 146 97 123 44 79 43
internal_count=1762 854 790 513 277 102 908 537 371 182 414 411 180 64 143 310 104 189 146 97 123 44 79 43
is_linear=0
shrinkage=0.03


Tree=33
num_leaves=16
num_cat=0
split_feature=25 15 26 21 23 22 22 26 35 28 26 18 34 34 35
split_gain=0.0131154 0.011362 0.0126945 0.0126411 0.0144482 0.0105369 0.00777555 0.00742334 0.00655341 0.0108564 0.00904115 0.00589438 0.0043374 0.00319414 0.0022784
threshold=0.51194671445650597 -0.49002785824171508 -0.073492231462070762 2.9974704591964723 0.59443922817719841 -1.1810558688998738 -1.0955602516148182 0.036964450346718088 -0.21491490094719176 -0.65028982288531811 0.96559517599807954 0.069330326348005553 2.0004512395896219 -0.211865663397027 0.17023917532141561
decision_type=2 2 2 2 2 2 2 2 2 2 2 2 2 2 2
left_child=5 2 12 4 11 -1 13 -6 9 -8 -10 -3 14 -7 -2
right_child=1 3 -4 -5 7 6 8 -9 10 -11 -12 -13 -14 -15 -16
leaf_value=-0.00054917243845458775 0.00038966060871191855 -6.7256157735090049e-06 0.0010343234636529814 0.00067990728164557372 0.00047283363183738572 0 0.00069705992308445272 -3.0829950328916301e-05 -3.806845885528e-05 1.537101147551808e-06 -0.00028312528524938635 -0.00036550115440651292 -7.0605651972492994e-05 0.00038830538325978874 0
leaf_weight=34 67 120 21 22 60 38 21 27 814 188 172 79 23 49 27
leaf_count=34 67 120 21 22 60 38 21 27 814 188 172 79 23 49 27
internal_value=6.1864e-07 0.000142308 0.000367613 2.91413e-05 -1.70752e-05 -4.53408e-05 -2.83931e-05 0.000287374 -5.06059e-05 9.44482e-05 -8.45792e-05 -0.000167319 0.000200081 0.000234897 0.000297375
internal_weight=1762 446 138 308 286 1316 1282 87 1195 209 986 199 117 87 94
internal_count=1762 446 138 308 286 1316 1282 87 1195 209 986 199 117 87 94
is_linear=0
shrinkage=0.03


Tree=34
num_leaves=16
num_cat=0
split_feature=11 25 30 14 22 34 33 26 26 21 26 34 34 8 34
split_gain=0.0145353 0.0182944 0.0139797 0.0117461 0.0113706 0.00905931 0.0129704 0.00829009 0.0165183 0.0128867 0.00635524 0.00411108 0.00404592 0.00376437 0.001722
threshold=1.406577040605298 0.65630798975879612 -0.13538956083420636 1.2729317201783299 -1.1810558688998738 -1.4674013029481421 -0.29203812601723156 0.91492078380076614 1.7726748262826595 0.2505029352945739 -0.1733417734839966 0.92073766420359038 0.20356383308528267 0.96853591786575055 -0.8667289781588865
decision_type=2 2 2 2 2 2 2 2 2 2 2 2 2 2 2
left_child=1 4 5 11 -1 -3 -7 9 -9 -6 14 -4 13 -12 -2
right_child=10 2 3 -5 7 6 -8 8 -10 -11 12 -13 -14 -15 -16
leaf_value=-0.00053403309402937017 0.00012206120864191854 -6.5408113903527919e-06 -0.00028367044888436791 0.00054550984409288512 -5.2839059909779786e-06 0.00099117412113895005 0.00025881412575420523 -0.00042018193118300239 7.6319681057463069e-05 0.0002880561918357777 -0.00080951111777297525 5.0836098814298479e-05 0 -0.00016547186027081415 -0.00020173598791790518
leaf_weight=34 30 20 62 27 942 42 81 113 107 151 33 41 24 32 23
leaf_count=34 30 20 62 27 942 42 81 113 107 151 33 41 24 32 23
internal_value=7.1017e-07 2.81075e-05 0.000251291 1.22936e-06 -1.53613e-05 0.000453375 0.000550343 0 -0.000167471 3.31819e-05 -0.000285276 -0.000124545 -0.00043639 -0.000557852 0
internal_weight=1762 1620 273 130 1347 143 123 1313 220 1093 142 103 89 65 53
internal_count=1762 1620 273 130 1347 143 123 1313 220 1093 142 103 89 65 53
is_linear=0
shrinkage=0.03


Tree=35
num_leaves=19
num_cat=0
split_feature=11 25 30 14 32 33 35 26 35 21 26 16 34 34 32 8 19 26
split_gain=0.0138369 0.0173345 0.0131383 0.0110911 0.0107252 0.0154442 0.00835003 0.00920592 0.010723 0.00917488 0.006055 0.00485474 0.00390272 0.00379066 0.00374703 0.00346025 0.00320352 0.0025004
threshold=1.406577040605298 0.65630798975879612 -0.13538956083420636 1.2729317201783299 0.17906826766020167 -0.29203812601723156 -0.55098624181944067 0.91492078380076614 0.31583047936893166 0.2505029352945739 -0.1733417734839966 0.17873758214829299 0.92073766420359038 0.20356383308528267 0.057920288678459352 0.96853591786575055 -0.59780732920010404 -0.19927866653173384
decision_type=2 2 2 2 2 2 2 2 2 2 2 2 2 2 2 2 2 2
left_child=1 6 4 12 5 -3 11 9 -9 -8 14 16 -4 15 -2 -12 -1 -13
right_child=10 2 3 -5 -6 -7 7 8 -10 -11 13 17 -14 -15 -16 -17 -18 -19
leaf_value=0.00033705195216316499 -0.00030781998328893674 0.0010685936200387049 -0.00027555311323286823 0.00053078106142347679 0 0.00025174492360238216 -3.94294633074978e-05 -0.00031907423320708085 0.00030099364836467434 0.00022541279135524138 -0.00078724956943187856 1.4133606247765854e-05 4.9414996025999151e-05 0 0.00017714018469144188 -0.00016093320164696447 -5.724052683809393e-05 0.00065249542708010393
leaf_weight=21 21 38 62 27 28 77 899 171 22 132 33 20 41 24 32 32 56 26
leaf_count=21 21 38 62 27 28 77 899 171 22 132 33 20 41 24 32 32 56 26
internal_value=5.44473e-07 2.73176e-05 0.000244586 1.40405e-06 0.00044054 0.000567389 -1.49402e-05 -4.08547e-05 -0.000229562 -2.06446e-06 -0.000278451 0.000213964 -0.000120157 -0.000425953 0 -0.00054373 2.14007e-05 0.000454029
internal_weight=1762 1620 273 130 143 115 1347 1224 193 1031 142 123 103 89 53 65 77 46
internal_count=1762 1620 273 130 143 115 1347 1224 193 1031 142 123 103 89 53 65 77 46
is_linear=0
shrinkage=0.03


Tree=36
num_leaves=17
num_cat=0
split_feature=11 30 11 11 35 15 29 22 24 15 22 15 28 34 34 34
split_gain=0.0132028 0.0157319 0.0144945 0.0191791 0.0214247 0.0114794 0.0136581 0.0149231 0.0138402 0.0110841 0.010813 0.0061338 0.00504444 0.00393832 0.00406926 0.00593548
threshold=1.406577040605298 -0.14197882247857793 0.49953821038818375 -0.094110866541287752 0.14568826349844996 3.7620426555197546 -0.24149011959643268 0.34943573709099113 0.82592243801406162 -0.40485793895189387 -0.66813325309947758 1.4361977020483121 -0.64141130570370264 -1.4929243387793532 -0.79071875493567656 0.19526537677564618
decision_type=2 2 2 2 2 2 2 2 2 2 2 2 2 2 2 2
left_child=1 2 3 4 -1 6 8 -8 -3 -5 -4 -12 -2 -14 -15 -16
right_child=12 5 10 9 -6 -7 7 -9 -10 -11 11 -13 13 14 15 -17
leaf_value=0.00034377724126783213 0 -8.5691044890298703e-05 -0.00011580205138307064 5.8432327805554828e-05 -8.8390686732399732e-05 0.00058933460557739667 -8.9698552614139786e-06 -0.00065760296055207567 0.00025400374341113597 -0.00044524018304594051 0.00048632014520964047 0 -0.00077527548838406796 0 -0.00074644724384415897 -1.3580495219988124e-05
leaf_weight=225 30 577 29 50 171 20 76 68 128 92 164 20 21 37 21 33
leaf_count=225 30 577 29 50 171 20 76 68 128 92 164 20 21 37 21 33
internal_value=6.32407e-07 2.68231e-05 0.000128387 3.84479e-05 0.000150379 -5.76491e-05 -7.84328e-05 -0.000342846 -1.89637e-05 -0.000249661 0.00033798 0.000426253 -0.000271846 -0.000364221 -0.000215732 -0.000375502
internal_weight=1762 1620 751 538 396 869 849 144 705 142 213 184 142 112 91 54
internal_count=1762 1620 751 538 396 869 849 144 705 142 213 184 142 112 91 54
is_linear=0
shrinkage=0.03


end of trees

feature_importances:
Column_22=60
Column_26=56
Column_29=48
Column_34=46
Column_11=39
Column_25=37
Column_15=35
Column_30=35
Column_28=28
Column_35=23
Column_14=19
Column_33=19
Column_24=18
Column_32=18
Column_20=16
Column_10=15
Column_21=14
Column_16=10
Column_23=10
Column_19=8
Column_7=5
Column_13=4
Column_17=4
Column_31=4
Column_8=2
Column_18=2
Column_3=1
Column_4=1
Column_9=1
Column_12=1

parameters:
[boosting: gbdt]
[objective: regression]
[metric: l2]
[tree_learner: serial]
[device_type: cpu]
[data_sample_strategy: bagging]
[data: ]
[valid: ]
[num_iterations: 200]
[learning_rate: 0.03]
[num_leaves: 31]
[num_threads: 40]
[seed: 42]
[deterministic: 0]
[force_col_wise: 0]
[force_row_wise: 0]
[histogram_pool_size: -1]
[max_depth: 5]
[min_data_in_leaf: 20]
[min_sum_hessian_in_leaf: 0.001]
[bagging_fraction: 0.8]
[pos_bagging_fraction: 1]
[neg_bagging_fraction: 1]
[bagging_freq: 0]
[bagging_seed: 400]
[bagging_by_query: 0]
[feature_fraction: 0.8]
[feature_fraction_bynode: 1]
[feature_fraction_seed: 30056]
[extra_trees: 0]
[extra_seed: 12879]
[early_stopping_round: 0]
[early_stopping_min_delta: 0]
[first_metric_only: 0]
[max_delta_step: 0]
[lambda_l1: 0.1]
[lambda_l2: 3]
[linear_lambda: 0]
[min_gain_to_split: 0]
[drop_rate: 0.1]
[max_drop: 50]
[skip_drop: 0.5]
[xgboost_dart_mode: 0]
[uniform_drop: 0]
[drop_seed: 17869]
[top_rate: 0.2]
[other_rate: 0.1]
[min_data_per_group: 100]
[max_cat_threshold: 32]
[cat_l2: 10]
[cat_smooth: 10]
[max_cat_to_onehot: 4]
[top_k: 20]
[monotone_constraints: ]
[monotone_constraints_method: basic]
[monotone_penalty: 0]
[feature_contri: ]
[forcedsplits_filename: ]
[refit_decay_rate: 0.9]
[cegb_tradeoff: 1]
[cegb_penalty_split: 0]
[cegb_penalty_feature_lazy: ]
[cegb_penalty_feature_coupled: ]
[path_smooth: 0]
[interaction_constraints: ]
[verbosity: -1]
[saved_feature_importance_type: 0]
[use_quantized_grad: 0]
[num_grad_quant_bins: 4]
[quant_train_renew_leaf: 0]
[stochastic_rounding: 1]
[linear_tree: 0]
[max_bin: 255]
[max_bin_by_feature: ]
[min_data_in_bin: 3]
[bin_construct_sample_cnt: 200000]
[data_random_seed: 175]
[is_enable_sparse: 1]
[enable_bundle: 1]
[use_missing: 1]
[zero_as_missing: 0]
[feature_pre_filter: 1]
[pre_partition: 0]
[two_round: 0]
[header: 0]
[label_column: ]
[weight_column: ]
[group_column: ]
[ignore_column: ]
[categorical_feature: ]
[forcedbins_filename: ]
[precise_float_parser: 0]
[parser_config_file: ]
[objective_seed: 16083]
[num_class: 1]
[is_unbalance: 0]
[scale_pos_weight: 1]
[sigmoid: 1]
[boost_from_average: 1]
[reg_sqrt: 0]
[alpha: 0.9]
[fair_c: 1]
[poisson_max_delta_step: 0.7]
[tweedie_variance_power: 1.5]
[lambdarank_truncation_level: 30]
[lambdarank_norm: 1]
[label_gain: ]
[lambdarank_position_bias_regularization: 0]
[eval_at: ]
[multi_error_top_k: 1]
[auc_mu_weights: ]
[num_machines: 1]
[local_listen_port: 12400]
[time_out: 120]
[machine_list_filename: ]
[machines: ]
[gpu_platform_id: -1]
[gpu_device_id: -1]
[gpu_device_id_list: ]
[gpu_use_dp: 0]
[num_gpu: 1]

end of parameters

pandas_categorical:null
