tree
version=v4
num_class=1
num_tree_per_iteration=1
label_index=0
max_feature_idx=35
objective=regression
feature_names=Column_0 Column_1 Column_2 Column_3 Column_4 Column_5 Column_6 Column_7 Column_8 Column_9 Column_10 Column_11 Column_12 Column_13 Column_14 Column_15 Column_16 Column_17 Column_18 Column_19 Column_20 Column_21 Column_22 Column_23 Column_24 Column_25 Column_26 Column_27 Column_28 Column_29 Column_30 Column_31 Column_32 Column_33 Column_34 Column_35
feature_infos=[-4.3396419251124447:5.1454314116575555] [-4.7191771235758004:4.7101518878943818] [-4.3417516877323319:5.1469074578732874] [-4.343015621983894:5.1477757336820567] [-4.3395284564608154:5.146346834861836] [-4.336558637670171:5.1455154142616504] [-4.3381171114248129:5.1469498459183383] [-1.3769446383885724:7.5204638705300519] [-3.7518333698330699:5.2353437811801351] [-3.3558520797175473:4.9947059276607062] [-3.5992413441910704:4.521347501709986] [-3.5768999440727653:3.7619166143187734] [-3.7344726379152702:5.0444798419923149] [-3.627739984900308:4.5787478166489848] [-1.4790161770812409:3.7050213928880811] [-1.5311763982118756:2.5326710355729345] [-2.2926608793668444:3.5582700727016126] [-4.0254008666545467:3.7414534954854024] [-2.3279983416735495:5.2356581550202996] [-1.7261753318475923:3.452687520716772] [-1.89934581084817:2.9609249740664936] [-1.1944771182480094:7.3622287906212946] [-1.4550134573194553:2.473206493159434] [-2.1175015744486174:1.9202745895031232] [-0.99708361067930373:3.0418911034601437] [-0.87039611524910176:2.693394383385344] [-2.0436943326697858:1.3998657073125329] none [-0.35048754425945455:7.6286077291983707] [-0.32233828675117554:7.752890543757033] [-5.6138078199232258:5.720560940430496] [-4.4023524006358867:4.3646541652426567] [-12.856397939779484:13.22468927091308] [-3.3117606409517868:3.2549741442715896] [-2.7543639977576211:2.7325929777457647] [-4.2953083633286608:10.183368702657747]
tree_sizes=2110 2329 1989

Tree=0
num_leaves=23
num_cat=0
split_feature=20 11 22 31 35 31 15 21 21 15 35 32 34 29 22 29 22 10 22 20 22 10
split_gain=55.3554 15.1458 13.1367 12.6523 10.603 9.61323 8.79502 7.76235 7.56654 7.35722 5.67669 3.14643 3.00785 1.26682 0.990518 1.09574 0.571288 0.510857 0.326383 0.197802 0.0338929 0.026661
threshold=-0.54549415864000605 0.81473021522552691 1.0000000180025095e-35 -0.047158269216350183 0.88892000624034317 -0.030065953836505083 0.39468708563123411 0.009209603458294767 -0.3084379668107341 -0.54532835405522684 -0.12435216398381455 0.0039254045815069662 -0.023727627111273537 -0.31143463645820696 -1.177893438641586 1.4858977664251607 -0.37881921002675983 1.1281710762892201 1.2493961174107631 -0.80606811680559398 1.9551354583415721 1.5803261654164322
decision_type=2 2 2 2 2 2 2 2 2 2 2 2 2 2 2 2 2 2 2 2 2 2
left_child=1 2 9 7 5 8 -7 14 -5 16 -4 -12 -11 -3 -2 -16 -1 19 -9 -15 -20 -19
right_child=3 13 10 4 -6 6 -8 18 -10 12 11 -13 -14 17 15 -17 -18 21 20 -21 -22 -23
leaf_value=0.056456762044813077 0.06262054992395133 0.067291027992234367 0.067577400912521818 0.060640618937895761 0.077989337370830192 0.059494463388152632 0.050090110566330767 0.052375465957062849 0.070178586947996016 0.073845562221333289 0.074844807624184079 0.087134531978196206 0.06469154700852843 0.061246883375795896 0.055048309956031452 0.062429393365519649 0.062662298526155361 0.060050559611014104 0.042594895079272395 0.064588050429454605 0.050819097095397947 0.057499157841403754
leaf_weight=29 22 30 28 231 27 361 118 22 107 141 40 78 45 41 137 20 21 24 48 22 20 26
leaf_count=29 22 30 28 231 27 361 118 22 107 141 40 78 45 41 137 20 21 24 48 22 20 26
internal_value=0.0624294 0.0704326 0.0735295 0.0586429 0.0604687 0.0598312 0.0571091 0.0530104 0.0636928 0.0689983 0.080554 0.0834044 0.0717178 0.0621223 0.0568083 0.0559868 0.0589853 0.060634 0.0459139 0.0624294 0.0443787 0.0584633
internal_weight=1638 525 382 1113 844 817 479 269 338 236 146 118 186 143 179 157 50 113 90 63 68 50
internal_count=1638 525 382 1113 844 817 479 269 338 236 146 118 186 143 179 157 50 113 90 63 68 50
is_linear=0
shrinkage=1


Tree=1
num_leaves=25
num_cat=0
split_feature=20 19 11 22 22 19 29 15 15 35 29 30 22 22 34 21 11 30 29 29 30 17 20 22
split_gain=52.1971 15.4167 14.2872 12.4112 9.10295 9.0303 7.8867 6.50957 6.22833 5.04904 4.32197 3.3938 3.09746 3.01882 2.6855 2.62456 2.37942 1.33747 1.19901 0.588555 0.545525 0.43478 0.157279 0.0249028
threshold=-0.54549415864000605 1.328988795446475 0.81473021522552691 -0.066500982590785213 0.039121380648662746 0.40361192373241422 -0.28491396292953891 -0.54532835405522684 -1.1261865654080967 -0.12435216398381455 -0.32213679799919087 -0.027164989252252875 2.0730730341015868 -0.7772884511764212 -0.023727627111273537 0.14883502125468387 0.2708137292886173 -0.02430784487685975 -0.31143463645820696 -0.2058664135718368 -0.0092524731563442732 0.60450152579955219 -0.80606811680559398 -0.11576183267304915
decision_type=2 2 2 2 2 2 2 2 2 2 2 2 2 2 2 2 2 2 2 2 2 2 2 2
left_child=2 4 3 7 8 15 10 20 16 -5 -3 -11 -7 -10 -9 -6 -2 -12 -4 -8 -1 22 -20 -23
right_child=1 6 18 9 5 12 19 14 13 11 17 -13 -14 -15 -16 -17 -18 -19 21 -21 -22 23 -24 -25
leaf_value=-0.00011487471286592812 -3.2247007940144789e-05 -0.015269592826366423 0.004729044812138785 0.0051093200438401924 0.0029689161311835049 -0.0064151835873045701 -0.011104437289699431 0.010992909456683892 -0.0028788799574899558 0.02403557653705795 0.0035201448765583335 0.012866546388595333 0.0044016287958781632 -0.0072157261529968795 0.0021985306624846997 0.016348301855885251 0.0093251928985118877 -0.0048338518711653622 -0.0012921644675021526 -0.019519439320053369 -0.0063390242656071981 -0.0048381528726645882 0.0015316915392618753 -0.0021949829449877142
leaf_weight=26 152 22 30 30 21 52 28 124 322 74 33 59 39 275 45 46 26 30 42 67 24 25 26 20
leaf_count=26 152 22 30 30 21 52 28 124 322 74 33 59 39 275 45 46 26 30 42 67 24 25 26 20
internal_value=0 -0.00367648 0.00777196 0.0107798 -0.00210344 0.0043935 -0.0116455 0.00596461 -0.00344367 0.0170065 -0.00471059 0.0194961 -0.00175496 -0.00490768 0.00874784 0.0125046 0.0014499 -0.000451392 -0.000298786 -0.0174857 -0.00334877 -0.00174725 -0.000151103 -0.00393652
internal_weight=1638 1113 525 382 933 158 180 219 775 163 85 133 91 597 169 67 178 63 143 95 50 113 68 45
internal_count=1638 1113 525 382 933 158 180 219 775 163 85 133 91 597 169 67 178 63 143 95 50 113 68 45
is_linear=0
shrinkage=0.03


Tree=2
num_leaves=21
num_cat=0
split_feature=26 11 28 15 33 20 20 21 29 28 23 33 21 29 23 24 31 25 15 29
split_gain=64.8164 13.935 12.8597 10.4472 9.47787 8.43246 8.14265 3.46751 3.45232 3.06007 2.71633 2.31696 2.21478 2.00712 1.8113 1.37331 1.15858 0.449477 0.314395 0.0226282
threshold=-0.28087068884093497 0.8014502348809277 -0.34984405824917558 0.52044379039057909 -0.30133899376343026 0.17958120321206508 -1.179935100260568 -0.19033828036087347 -0.32211527185948285 0.14760475010965896 -0.82788530983954078 1.5475261377161493 0.33383859996708176 -0.31143463645820696 -0.46805627754180074 0.082386613432134284 -0.030666931150101998 -0.74518185448626983 -0.42113445124223697 -0.32228793029463138
decision_type=2 2 2 2 2 2 2 2 2 2 2 2 2 2 2 2 2 2 2 2
left_child=1 4 10 8 15 6 -6 -5 19 13 17 -10 16 -3 -9 -1 -12 -2 -15 -4
right_child=2 9 3 7 5 -7 -8 14 11 -11 12 -13 -14 18 -16 -17 -18 -19 -20 -21
leaf_value=0.003061455211149075 0.0023336301961832716 0.0052492940763874752 0.0048352797186892961 -0.0023343809182670983 0.0091250109311313398 -0.0013011993146258948 0.019151013113829225 -0.0078461211665588268 -0.0058841635189002895 0.011001209218055009 -0.0022477903189414457 -0.00079380808081477882 0.008371988308899429 -0.00010771475464571267 -0.015707974681644948 -0.0062650645254179842 0.0046249551075696945 0.0085539877580069913 -0.00346411787666919 0.0022269580516219136
leaf_weight=34 20 38 20 30 152 33 162 48 427 21 182 102 20 39 128 20 22 38 80 22
leaf_count=34 20 38 20 30 152 33 162 48 427 21 182 102 20 39 128 20 22 38 80 22
internal_value=0 0.00804782 -0.00440853 -0.00639434 0.0111303 0.0129356 0.0144394 -0.0121576 -0.00425724 0.0010177 0.00106219 -0.00491831 -0.000447848 -0.000480155 -0.013748 -0.000488117 -0.00143583 0.00667848 -0.00241841 0.00377523
internal_weight=1638 579 1059 777 401 347 314 206 571 178 282 529 224 157 176 54 204 58 119 42
internal_count=1638 579 1059 777 401 347 314 206 571 178 282 529 224 157 176 54 204 58 119 42
is_linear=0
shrinkage=0.03


end of trees

feature_importances:
Column_22=10
Column_29=9
Column_15=6
Column_20=6
Column_21=5
Column_11=4
Column_30=3
Column_31=3
Column_35=3
Column_10=2
Column_19=2
Column_23=2
Column_28=2
Column_33=2
Column_34=2
Column_17=1
Column_24=1
Column_25=1
Column_26=1
Column_32=1

parameters:
[boosting: gbdt]
[objective: regression]
[metric: l2]
[tree_learner: serial]
[device_type: cpu]
[data_sample_strategy: bagging]
[data: ]
[valid: ]
[num_iterations: 200]
[learning_rate: 0.03]
[num_leaves: 31]
[num_threads: 40]
[seed: 42]
[deterministic: 0]
[force_col_wise: 0]
[force_row_wise: 0]
[histogram_pool_size: -1]
[max_depth: 5]
[min_data_in_leaf: 20]
[min_sum_hessian_in_leaf: 0.001]
[bagging_fraction: 0.8]
[pos_bagging_fraction: 1]
[neg_bagging_fraction: 1]
[bagging_freq: 0]
[bagging_seed: 400]
[bagging_by_query: 0]
[feature_fraction: 0.8]
[feature_fraction_bynode: 1]
[feature_fraction_seed: 30056]
[extra_trees: 0]
[extra_seed: 12879]
[early_stopping_round: 0]
[early_stopping_min_delta: 0]
[first_metric_only: 0]
[max_delta_step: 0]
[lambda_l1: 0.1]
[lambda_l2: 3]
[linear_lambda: 0]
[min_gain_to_split: 0]
[drop_rate: 0.1]
[max_drop: 50]
[skip_drop: 0.5]
[xgboost_dart_mode: 0]
[uniform_drop: 0]
[drop_seed: 17869]
[top_rate: 0.2]
[other_rate: 0.1]
[min_data_per_group: 100]
[max_cat_threshold: 32]
[cat_l2: 10]
[cat_smooth: 10]
[max_cat_to_onehot: 4]
[top_k: 20]
[monotone_constraints: ]
[monotone_constraints_method: basic]
[monotone_penalty: 0]
[feature_contri: ]
[forcedsplits_filename: ]
[refit_decay_rate: 0.9]
[cegb_tradeoff: 1]
[cegb_penalty_split: 0]
[cegb_penalty_feature_lazy: ]
[cegb_penalty_feature_coupled: ]
[path_smooth: 0]
[interaction_constraints: ]
[verbosity: -1]
[saved_feature_importance_type: 0]
[use_quantized_grad: 0]
[num_grad_quant_bins: 4]
[quant_train_renew_leaf: 0]
[stochastic_rounding: 1]
[linear_tree: 0]
[max_bin: 255]
[max_bin_by_feature: ]
[min_data_in_bin: 3]
[bin_construct_sample_cnt: 200000]
[data_random_seed: 175]
[is_enable_sparse: 1]
[enable_bundle: 1]
[use_missing: 1]
[zero_as_missing: 0]
[feature_pre_filter: 1]
[pre_partition: 0]
[two_round: 0]
[header: 0]
[label_column: ]
[weight_column: ]
[group_column: ]
[ignore_column: ]
[categorical_feature: ]
[forcedbins_filename: ]
[precise_float_parser: 0]
[parser_config_file: ]
[objective_seed: 16083]
[num_class: 1]
[is_unbalance: 0]
[scale_pos_weight: 1]
[sigmoid: 1]
[boost_from_average: 1]
[reg_sqrt: 0]
[alpha: 0.9]
[fair_c: 1]
[poisson_max_delta_step: 0.7]
[tweedie_variance_power: 1.5]
[lambdarank_truncation_level: 30]
[lambdarank_norm: 1]
[label_gain: ]
[lambdarank_position_bias_regularization: 0]
[eval_at: ]
[multi_error_top_k: 1]
[auc_mu_weights: ]
[num_machines: 1]
[local_listen_port: 12400]
[time_out: 120]
[machine_list_filename: ]
[machines: ]
[gpu_platform_id: -1]
[gpu_device_id: -1]
[gpu_device_id_list: ]
[gpu_use_dp: 0]
[num_gpu: 1]

end of parameters

pandas_categorical:null
