tree
version=v4
num_class=1
num_tree_per_iteration=1
label_index=0
max_feature_idx=35
objective=regression
feature_names=Column_0 Column_1 Column_2 Column_3 Column_4 Column_5 Column_6 Column_7 Column_8 Column_9 Column_10 Column_11 Column_12 Column_13 Column_14 Column_15 Column_16 Column_17 Column_18 Column_19 Column_20 Column_21 Column_22 Column_23 Column_24 Column_25 Column_26 Column_27 Column_28 Column_29 Column_30 Column_31 Column_32 Column_33 Column_34 Column_35
feature_infos=[-4.3617804264988749:5.1674231897046168] [-4.7443552980569779:4.7310273322024141] [-4.3612370262325753:5.1675924095768666] [-4.3614863995936695:5.1677382207295439] [-4.3591334647244286:5.1658452487904256] [-4.3576175319895034:5.1660982971214802] [-4.3585074528338481:5.1658147759797304] [-1.4032590843148549:7.6183074720967072] [-3.7736956686677625:5.2586299255344997] [-3.3848428049872239:5.0254510522952831] [-3.6561810145993361:4.5710741689570185] [-3.6492006236772734:3.8043615176140508] [-3.77667302677603:5.0840786147688704] [-3.6857893935495638:4.6248662505308404] [-1.5093419749309962:3.7788671300868621] [-1.5661601426353393:2.586954814800944] [-2.3368827419999061:3.5981115860925543] [-4.0851764560837713:3.7943678671107] [-2.3290687467950919:5.2406481872837398] [-1.7615266277054085:3.3569638039809955] [-1.8750401753174497:2.7071368420194077] [-1.1962365520589713:7.5133900541439269] [-1.4364267485003559:2.1835896205479255] [-2.1542190544466293:1.9391554828717599] [-0.97423980791388054:3.0835886995810791] [-0.88769613618046939:2.619421266519097] [-2.0778124892804715:1.4411510069408227] none [-0.34313556536231699:7.807090582668665] [-0.33420002309445113:7.7523395977357108] [-5.6472139749548464:5.7928668240000762] [-4.3795161653293553:4.3906999513269929] [-13.106678689500397:13.458115788245015] [-3.1973404683373681:3.2260352301586637] [-2.6275490570046705:2.714444812570354] [-4.3583967308719096:10.352166405286381]
tree_sizes=1908 1812 1912 2023 2091 1782 2294 1949 1748

Tree=0
num_leaves=20
num_cat=0
split_feature=32 20 24 33 22 9 15 18 11 31 29 29 12 6 33 24 15 15 23
split_gain=0.334655 0.252349 0.376421 0.391282 0.233739 0.188475 0.17016 0.148358 0.163196 0.161956 0.143736 0.13739 0.125195 0.0729158 0.0508119 0.0322669 0.0301626 0.0168782 0.0130932
threshold=-0.033191630405549295 0.79522615180193112 1.2414798502707074 0.025147442637953103 -0.35495120357553683 -1.5366635393319081 1.2425974745649182 -0.31722642891330755 -0.86542468887735502 -0.079905769833493304 -0.24476328615264428 -0.10816911735779237 1.5194937840286891 0.71067593082514413 0.31958197429811058 -0.09729221486190083 -0.62576987862904165 -0.82688641228034687 -0.29897362214161105
decision_type=2 2 2 2 2 2 2 2 2 2 2 2 2 2 2 2 2 2 2
left_child=4 5 3 6 10 18 -3 9 -9 -7 13 12 15 14 -1 -6 -12 -13 -2
right_child=1 2 -4 -5 11 7 -8 8 -10 -11 16 17 -14 -15 -16 -17 -18 -19 -20
leaf_value=0.0038598219932312757 0.0066081094339073033 0.0044803255725910122 -0.00014928412842559954 0.00073342036857650637 0.0083730373429200707 0.0056740359298649342 0.0025709569601665215 0.0049456662135311403 0.0034765678252628371 0.0040855035316029169 0.0037753187152496171 0.0049744773343299766 0.004384198991758766 0.0033737885128487439 0.005155335279721087 0.0060758153543901874 0.0022728863950453671 0.0039241354357345427 0.0049168805455756751
leaf_weight=28 20 148 28 38 26 69 55 73 578 317 33 21 20 28 140 29 25 21 20
leaf_count=28 20 148 28 38 26 69 55 73 578 317 33 21 20 28 140 29 25 21 20
internal_value=0.00402165 0.0038015 0.0029849 0.00340814 0.0048157 0.00401055 0.00396398 0.00392736 0.00364938 0.00438773 0.00428306 0.00591156 0.00666604 0.00468003 0.00492282 0.0073824 0.00302438 0.00441115 0.00595372
internal_weight=1717 1346 269 241 371 1077 203 1037 651 386 254 117 75 196 168 55 58 42 40
internal_count=1717 1346 269 241 371 1077 203 1037 651 386 254 117 75 196 168 55 58 42 40
is_linear=0
shrinkage=1


Tree=1
num_leaves=19
num_cat=0
split_feature=24 30 15 8 34 35 31 20 11 8 25 19 20 30 34 30 19 11
split_gain=0.300886 0.342607 0.428839 0.196125 0.187661 0.176527 0.276462 0.180092 0.253906 0.160273 0.145415 0.143766 0.136051 0.133443 0.0928878 0.102351 0.0574452 0.0290898
threshold=0.42161168635228835 -0.013428342947937212 0.77339040393086866 -1.9291246942487654 -1.5081959477915212 -0.0087198315906938714 -2.6130681542665024 -0.82295524243241347 0.90609577440496636 1.4526404526496399 -0.49906961317862542 -0.11386157428729153 -0.40639369540179021 -0.067734880384306181 -0.047179532966701951 -0.009241810070262502 0.71849422586929557 -0.11337703194513912
decision_type=2 2 2 2 2 2 2 2 2 2 2 2 2 2 2 2 2 2
left_child=3 2 13 -1 -4 7 -7 10 -9 14 -5 -6 -8 16 -3 -16 -2 -15
right_child=1 9 4 5 11 6 12 8 -10 -11 -12 -13 -14 17 15 -17 -18 -19
leaf_value=0.0024752914353351418 0 0.0016983038825115987 -0.0008033036852721125 -0.00083739890291222496 -0.0014492741228508139 -0.0018917546158666023 -0.00026266507883556192 0 -0.0018253207279054764 -0.0019879859017382841 0.0010809032889236431 -0.0047934825892877227 0.0019641250729465517 -0.00020382168965244832 -0.001312362056159015 0.00028052442796172399 0.0019204440620960665 -0.0015500840660260646
leaf_weight=33 35 32 33 39 24 21 27 608 74 29 200 44 124 30 39 258 21 46
leaf_count=33 35 32 33 39 24 21 27 608 74 29 200 44 124 30 39 258 21 46
internal_value=0 -0.000546289 -0.00143398 0.000287823 -0.0028783 0.000212447 0.00108664 4.2944e-05 -0.000202295 3.02569e-05 0.000748978 -0.00376654 0.00154912 -0.000267225 0.000233549 5.03256e-05 0.000789914 -0.00108456
internal_weight=1717 591 233 1126 101 1093 172 921 682 358 239 68 151 132 329 297 56 76
internal_count=1717 591 233 1126 101 1093 172 921 682 358 239 68 151 132 329 297 56 76
is_linear=0
shrinkage=0.03


Tree=2
num_leaves=20
num_cat=0
split_feature=26 14 15 11 32 33 14 23 21 21 11 8 13 25 11 29 12 24 26
split_gain=0.309192 0.291393 0.6272 0.3619 0.271675 0.238742 0.310634 0.272843 0.235942 0.18138 0.177647 0.1617 0.106823 0.10486 0.0968845 0.137715 0.0781624 0.0700893 0.0372942
threshold=-0.039414087416885159 2.2840078376578483 1.1631417665124462 -1.5370673518172988 -0.022527537725946224 -0.49884824616095674 0.47818135114099064 0.969415562721332 0.73897278451273107 0.44466467606282728 0.50486866284026044 0.097302880373261028 1.192813423845839 -0.802387875033723 1.8887776442314352 -0.10816911735779237 -0.2555036089672662 0.35934321820658571 -1.1865374678895
decision_type=2 2 2 2 2 2 2 2 2 2 2 2 2 2 2 2 2 2 2
left_child=4 2 3 -2 14 6 12 10 -5 13 -7 -9 -6 -4 15 17 -8 -1 -17
right_child=1 -3 9 8 5 7 16 11 -10 -11 -12 -13 -14 -15 -16 18 -18 -19 -20
leaf_value=0.0036627664695007972 0.0027940804838047671 0.002426136246840046 -0.0040290446111834362 -0.00011341313484724606 0.0036674418386749247 0.00084624468628772664 0.00084472389843152917 -8.3935481230424625e-05 -0.0019062490827684636 -0.00056472926465794447 -0.00059391659034391568 -0.0021870606784032635 0.00068008542629768669 -0.0012938409166346335 -4.2036388231360385e-05 -0.00016802625509444624 -0.0015022018537339235 0.0010443098323986582 0.0014223544367775319
leaf_weight=43 33 30 54 762 41 227 20 66 70 37 111 70 20 26 20 21 24 20 22
leaf_count=43 33 30 54 762 41 227 20 66 70 37 111 70 20 26 20 21 24 20 22
internal_value=0 -0.000335994 -0.000430555 -0.00014439 0.000480829 0.000196497 0.0014711 -8.70381e-05 -0.000274152 -0.00246472 0.00036343 -0.00121185 0.00281265 -0.00325514 0.00172919 0.00208287 -0.000385762 0.00296222 0.000620135
internal_weight=1717 1012 982 865 705 579 105 474 832 117 338 136 61 80 126 106 44 63 43
internal_count=1717 1012 982 865 705 579 105 474 832 117 338 136 61 80 126 106 44 63 43
is_linear=0
shrinkage=0.03


Tree=3
num_leaves=21
num_cat=0
split_feature=32 26 11 15 15 8 22 34 34 14 29 29 12 19 28 20 24 28 15 15
split_gain=0.297485 0.256448 0.331058 0.434166 0.629479 0.219035 0.209023 0.201719 0.280886 0.257745 0.130957 0.119188 0.116551 0.0923026 0.125189 0.0711091 0.0422392 0.0309665 0.0272173 0.0147988
threshold=-0.033191630405549295 -0.039414087416885159 0.61157781075824658 1.9703909946997686 1.1631417665124462 1.4526404526496399 -0.35495120357553683 -1.0359250133292048 -0.13002160884154304 0.47818135114099064 -0.24476328615264428 -0.10816911735779237 1.5194937840286891 -1.3834551814593246 -0.21627047982532541 0.67239390075443983 -0.33598800942042784 0.41253057755584882 -0.62576987862904165 -0.82688641228034687
decision_type=2 2 2 2 2 2 2 2 2 2 2 2 2 2 2 2 2 2 2 2
left_child=6 5 3 4 -3 7 10 9 -9 -2 13 12 17 -1 -15 -4 -7 -8 -12 -13
right_child=1 2 15 -5 -6 16 11 8 -10 -11 18 19 -14 14 -16 -17 -18 -19 -20 -21
leaf_value=-0.0010132541171848201 0.0029187864596813412 -0.00016968999214772755 -0.0012091889559438533 0.0032728536176894391 -0.0029600712000184492 -0.00046542613444450708 0.0038642687231704997 -0.0010418263764072973 0.00061016855677679331 -0.00014469755221424357 -0.0002369018405734096 0.00090555710394983179 0.00029385764480305266 -0.00080414256075164302 0.0012391595833525608 -0.0035603417395236527 -0.0024294253634288905 0.0015993507504463195 -0.001672083254791297 -6.9218125543557104e-05
leaf_weight=23 56 571 31 25 81 25 34 124 335 39 33 21 20 29 144 34 25 21 25 21
leaf_count=23 56 571 31 25 81 25 34 124 335 39 33 21 20 29 144 34 25 21 25 21
internal_value=0 -0.000207749 -0.000581548 -0.00037413 -0.000532898 0.000247117 0.000748464 0.000425594 0.000153517 0.0016646 0.000244095 0.00178494 0.00248873 0.000623514 0.000871727 -0.00258596 -0.00158596 0.00317866 -0.000956505 0.000379381
internal_weight=1717 1346 742 677 652 604 371 554 459 95 254 117 75 196 173 65 50 55 58 42
internal_count=1717 1346 742 677 652 604 371 554 459 95 254 117 75 196 173 65 50 55 58 42
is_linear=0
shrinkage=0.03


Tree=4
num_leaves=22
num_cat=0
split_feature=32 26 11 15 15 8 34 34 26 29 20 20 23 12 15 20 20 24 15 24 15
split_gain=0.280726 0.241499 0.313632 0.411026 0.593556 0.207572 0.190217 0.264611 0.176605 0.135155 0.119261 0.1126 0.0970748 0.0919903 0.0725097 0.0667539 0.0629951 0.0456394 0.0430432 0.0397309 0.0253337
threshold=-0.033191630405549295 -0.039414087416885159 0.61157781075824658 1.9703909946997686 1.1631417665124462 1.4526404526496399 -1.0359250133292048 -0.13002160884154304 0.24369680173083516 -0.011074260774056264 0.60830750890357466 0.37332407211706914 -0.15695858717342207 1.5194937840286891 0.055101849240774707 0.67239390075443983 0.10629743940513098 -0.09729221486190083 -0.52323847714808192 -0.33598800942042784 -0.70348909381247182
decision_type=2 2 2 2 2 2 2 2 2 2 2 2 2 2 2 2 2 2 2 2 2
left_child=8 5 3 4 -3 6 12 -8 9 13 11 16 -2 17 18 -4 -10 -1 -12 -7 -11
right_child=1 2 15 -5 -6 19 7 -9 10 20 14 -13 -14 -15 -16 -17 -18 -19 -20 -21 -22
leaf_value=0.0038429910162230954 0 -0.00016462590332602358 -0.0011761140907046328 0.0031851878911256788 -0.0028744405455571331 -0.00045295934518799186 -0.0010113099030637015 0.00059202596953564245 -0.00026319651843056946 0.00082305328095675831 0.00084670890470234933 -0.0021828114667745385 0.0021397295358031991 0.00028619180488622867 -0.00025878012050753051 -0.0034621917677388806 0.0011894639844340937 0.0017062988906668929 0.0027627689619548618 -0.0023643514628056438 -0.00048724300159222402
leaf_weight=29 23 571 31 25 81 25 124 335 109 25 39 20 72 20 20 34 32 36 21 25 20
leaf_count=29 23 571 31 25 81 25 124 335 109 25 39 20 72 20 20 34 32 36 21 25 20
internal_value=0 -0.000202129 -0.000564902 -0.000362887 -0.000517478 0.000239177 0.000413044 0.000148633 0.000726758 0.00160859 0.000224856 -0.000232021 0.00161629 0.00229663 0.00115562 -0.00251601 6.35641e-05 0.0028312 0.00166458 -0.00154499 0.000184144
internal_weight=1717 1346 742 677 652 604 554 459 371 130 241 161 95 85 80 65 141 65 60 50 45
internal_count=1717 1346 742 677 652 604 554 459 371 130 241 161 95 85 80 65 141 65 60 50 45
is_linear=0
shrinkage=0.03


Tree=5
num_leaves=19
num_cat=0
split_feature=26 34 14 15 11 34 14 19 14 34 13 11 28 9 13 23 13 30
split_gain=0.259816 0.274017 0.258636 0.539359 0.342401 0.241555 0.285025 0.23483 0.219997 0.216101 0.185278 0.137115 0.120214 0.11483 0.0966949 0.0799486 0.0729123 0.0705134
threshold=-0.039414087416885159 0.10515480283253424 2.2840078376578483 1.1631417665124462 -1.5370673518172988 -1.0359250133292048 0.47818135114099064 1.546839343852455 0.98551851835523252 -0.13002160884154304 -0.69313010985533785 1.8887776442314352 1.6026689776376446 0.032896220729735699 1.192813423845839 0.088783115492120673 -0.046972192816429788 0.10339409235354889
decision_type=2 2 2 2 2 2 2 2 2 2 2 2 2 2 2 2 2 2
left_child=1 5 3 4 -2 6 14 15 -6 13 -11 12 17 -7 -1 -5 -8 -3
right_child=2 11 -4 7 8 9 16 -9 -10 10 -12 -13 -14 -15 -16 -17 -18 -19
leaf_value=0.0033887545636607686 0.0027264369588422899 0.001705291973302494 0.0022935169796903872 -0.0020727879346814004 -0.00014866982977098284 -0.00032131601560697029 0.0007496224752394483 0 -0.0025251022676710745 0.0019523592785443179 -1.6213164328760708e-05 -0.00035997432202566416 0 -0.002138297298460384 0.00058779532208269375 -0.0044202103752862005 -0.0015091991993383717 0.0038663291335105897
leaf_weight=45 33 55 30 54 798 78 21 32 34 47 288 21 20 57 20 31 23 30
leaf_count=45 33 55 30 54 798 78 21 32 34 47 288 21 20 57 20 31 23 30
internal_value=0 0.000440655 -0.000308112 -0.00039738 -0.000131753 0.00015551 0.0014101 -0.00228382 -0.0002581 -0.000136204 0.000265976 0.00169362 0.00213071 -0.00114003 0.00263499 -0.0030845 -0.00038826 0.00260791
internal_weight=1717 705 1012 982 865 579 109 117 832 470 335 126 105 135 65 85 44 85
internal_count=1717 705 1012 982 865 579 109 117 832 470 335 126 105 135 65 85 44 85
is_linear=0
shrinkage=0.03


Tree=6
num_leaves=24
num_cat=0
split_feature=32 26 22 18 22 11 34 16 23 14 15 29 35 29 32 17 26 29 15 20 28 15 15
split_gain=0.257854 0.221568 0.423641 0.223262 0.179716 0.174238 0.173824 0.156982 0.154867 0.138335 0.123466 0.118756 0.110603 0.104173 0.0954726 0.0902161 0.0779043 0.125287 0.0658497 0.0349072 0.034027 0.0246361 0.0123341
threshold=-0.033191630405549295 0.092704327518717669 1.7061658382717297 0.13073599635773706 -0.35495120357553683 0.50486866284026044 -1.1619659224264207 -0.14113774633608001 0.969415562721332 0.14572038270759394 -0.33976284451096972 -0.24476328615264428 -0.11842326159008323 -0.10816911735779237 1.0585284777699473 -0.093947280222742846 0.8959004056192873 -0.32257665695195942 0.037571028860027167 0.58694537828661952 0.030860855833937276 -0.62576987862904165 -0.82688641228034687
decision_type=2 2 2 2 2 2 2 2 2 2 2 2 2 2 2 2 2 2 2 2 2 2 2
left_child=4 3 5 6 11 14 9 12 -8 -2 -9 16 -5 15 -3 -6 17 -1 -18 -7 -17 -13 -15
right_child=1 2 -4 7 13 19 8 10 -10 -11 -12 21 -14 22 -16 20 18 -19 -20 -21 -22 -23 -24
leaf_value=-0.0013962789760348763 0.0034233166991787796 -0.00012170272123155077 -0.0038283050498792107 0.0014407624617556898 0.0038880686250318268 -0.00091400582501470723 0.00079126184171473147 0.00048245014412718457 -0.00061969595227256101 0.00018651513822376728 -0.001299153965011256 -0.00022441899644521377 -0.00025411788000138073 0.0008221477369334025 -0.002001329250472526 0.00023300161887891588 0.0016473085399340737 0.00073598601959180073 -0.00014862695599541714 -0.00265288344995034 0.0019995665455182247 -0.0015965358541413608 -5.93916019424796e-05
leaf_weight=34 31 503 32 51 23 33 237 40 94 22 161 33 89 21 23 21 70 72 20 30 31 25 21
leaf_count=34 31 503 32 51 23 33 237 40 94 22 161 33 89 21 23 21 70 72 20 30 31 25 21
internal_value=0 -0.000193552 -0.000609064 0.000159278 0.000696692 -0.000410584 0.000655938 -0.000392132 0.000379618 0.00221528 -0.000928019 0.000227975 0.000359597 0.00165811 -0.000220446 0.00231624 0.000589808 4.92321e-06 0.00122403 -0.00187044 0.00139231 -0.00091446 0.000340137
internal_weight=1717 1346 621 725 371 589 384 341 331 53 201 254 140 117 526 75 196 106 90 63 52 58 42
internal_count=1717 1346 621 725 371 589 384 341 331 53 201 254 140 117 526 75 196 106 90 63 52 58 42
is_linear=0
shrinkage=0.03


Tree=7
num_leaves=20
num_cat=0
split_feature=32 20 24 32 9 22 15 18 34 16 29 29 12 19 28 19 24 15 15
split_gain=0.243691 0.185792 0.280649 0.334268 0.171973 0.170984 0.134928 0.126622 0.128553 0.120588 0.112396 0.098794 0.0988935 0.0833129 0.111093 0.0326015 0.0303352 0.0231836 0.0117529
threshold=-0.033191630405549295 0.79522615180193112 1.2414798502707074 -0.011945470721776442 -1.5366635393319081 -0.35495120357553683 1.2425974745649182 -0.057403897121017192 -1.3160335206716283 -0.14367874769465866 -0.24476328615264428 -0.10816911735779237 1.5194937840286891 -1.3834551814593246 -0.21627047982532541 -0.11386157428729153 -0.09729221486190083 -0.62576987862904165 -0.82688641228034687
decision_type=2 2 2 2 2 2 2 2 2 2 2 2 2 2 2 2 2 2 2
left_child=5 4 3 -3 15 10 -5 8 -6 -9 13 12 16 -1 -15 -2 -7 -12 -13
right_child=1 2 -4 6 7 11 -8 9 -10 -11 17 18 -14 14 -16 -17 -18 -19 -20
leaf_value=-0.00098055166149368651 0.00062894442714589427 -0.0031079287453689365 -0.0035971629820283381 0.00043180340248019135 0.0017460917723166973 0.0038047386705233103 -0.0012468412218033333 9.3847216773966071e-05 8.7927670982026018e-05 -0.00080432912172925212 -0.00021824748178187294 0.0008005663554358761 0.0002299876092204257 -0.00076661379114375454 0.0011555239436114493 0.0026948466466982725 0.0016984623426620827 -0.0015537714584996655 -5.7832581340335298e-05
leaf_weight=23 20 35 28 149 44 26 57 230 461 302 33 21 20 29 144 20 29 25 21
leaf_count=23 20 35 28 149 44 26 57 230 461 302 33 21 20 29 144 20 29 25 21
internal_value=0 -0.000188237 -0.000888933 -0.00052163 -8.46485e-06 0.000677211 -2.95519e-05 -8.80666e-05 0.000247765 -0.000412064 0.000219741 0.00161503 0.00225613 0.00057204 0.000808695 0.00184761 0.00289118 -0.000891189 0.000329458
internal_weight=1717 1346 269 241 1077 371 206 1037 505 532 254 117 75 196 173 40 55 58 42
internal_count=1717 1346 269 241 1077 371 206 1037 505 532 254 117 75 196 173 40 55 58 42
is_linear=0
shrinkage=0.03


Tree=8
num_leaves=18
num_cat=0
split_feature=24 30 15 8 34 26 28 30 8 29 30 19 26 13 19 25 11
split_gain=0.233023 0.273316 0.322689 0.172213 0.157829 0.155509 0.186794 0.136982 0.134986 0.120348 0.116401 0.105573 0.0940999 0.202018 0.0520571 0.0508691 0.0242717
threshold=0.42161168635228835 -0.013428342947937212 0.77339040393086866 -1.9291246942487654 -1.5081959477915212 -2.0379672530300512 -0.23247905812555969 1.0000000180025095e-35 1.4526404526496399 -0.25300387942855301 -0.067734880384306181 -0.11386157428729153 -0.04570544050905672 0.037951327053814099 0.71849422586929557 -0.72655830956994871 -0.11337703194513912
decision_type=2 2 2 2 2 2 2 2 2 2 2 2 2 2 2 2 2
left_child=3 2 10 -1 -4 -5 7 -7 12 -8 14 -6 13 -3 -2 -14 -12
right_child=1 8 4 5 11 6 9 -9 -10 -11 16 -13 15 -15 -16 -17 -18
leaf_value=0.0023023384967430804 0 0.0024329497210255407 -0.00063125431273753448 0.0023556656832967337 -0.0013097638601644169 2.5841379819792651e-05 0.0013685714696033151 -0.0011047795901334622 -0.0018183274547627661 0.00019143427686776703 -0.00020279244803400199 -0.0042300403305983291 -0.00031604529230479293 -8.8903055516337701e-05 0.0018037943420931694 0.0010192715161608469 -0.0014497061096207828
leaf_weight=33 35 44 33 26 24 627 141 110 29 189 30 44 192 67 21 26 46
leaf_count=33 35 44 33 26 24 627 141 110 29 189 30 44 192 67 21 26 46
internal_value=0 -0.000481195 -0.00127415 0.00025285 -0.00252789 0.000182102 0.000119878 -0.000142649 3.28781e-05 0.0007112 -0.000257762 -0.0033405 0.000220047 0.000922153 0.000727624 -0.000131538 -0.00102187
internal_weight=1717 591 233 1126 101 1093 1067 737 358 330 132 68 329 111 56 218 76
internal_count=1717 591 233 1126 101 1093 1067 737 358 330 132 68 329 111 56 218 76
is_linear=0
shrinkage=0.03


end of trees

feature_importances:
Column_15=23
Column_11=12
Column_29=12
Column_34=12
Column_20=10
Column_24=10
Column_26=10
Column_19=8
Column_32=8
Column_8=7
Column_14=7
Column_30=7
Column_28=6
Column_12=5
Column_13=5
Column_22=5
Column_23=5
Column_9=3
Column_18=3
Column_25=3
Column_33=3
Column_16=2
Column_21=2
Column_31=2
Column_35=2
Column_6=1
Column_17=1

parameters:
[boosting: gbdt]
[objective: regression]
[metric: l2]
[tree_learner: serial]
[device_type: cpu]
[data_sample_strategy: bagging]
[data: ]
[valid: ]
[num_iterations: 200]
[learning_rate: 0.03]
[num_leaves: 31]
[num_threads: 40]
[seed: 42]
[deterministic: 0]
[force_col_wise: 0]
[force_row_wise: 0]
[histogram_pool_size: -1]
[max_depth: 5]
[min_data_in_leaf: 20]
[min_sum_hessian_in_leaf: 0.001]
[bagging_fraction: 0.8]
[pos_bagging_fraction: 1]
[neg_bagging_fraction: 1]
[bagging_freq: 0]
[bagging_seed: 400]
[bagging_by_query: 0]
[feature_fraction: 0.8]
[feature_fraction_bynode: 1]
[feature_fraction_seed: 30056]
[extra_trees: 0]
[extra_seed: 12879]
[early_stopping_round: 0]
[early_stopping_min_delta: 0]
[first_metric_only: 0]
[max_delta_step: 0]
[lambda_l1: 0.1]
[lambda_l2: 3]
[linear_lambda: 0]
[min_gain_to_split: 0]
[drop_rate: 0.1]
[max_drop: 50]
[skip_drop: 0.5]
[xgboost_dart_mode: 0]
[uniform_drop: 0]
[drop_seed: 17869]
[top_rate: 0.2]
[other_rate: 0.1]
[min_data_per_group: 100]
[max_cat_threshold: 32]
[cat_l2: 10]
[cat_smooth: 10]
[max_cat_to_onehot: 4]
[top_k: 20]
[monotone_constraints: ]
[monotone_constraints_method: basic]
[monotone_penalty: 0]
[feature_contri: ]
[forcedsplits_filename: ]
[refit_decay_rate: 0.9]
[cegb_tradeoff: 1]
[cegb_penalty_split: 0]
[cegb_penalty_feature_lazy: ]
[cegb_penalty_feature_coupled: ]
[path_smooth: 0]
[interaction_constraints: ]
[verbosity: -1]
[saved_feature_importance_type: 0]
[use_quantized_grad: 0]
[num_grad_quant_bins: 4]
[quant_train_renew_leaf: 0]
[stochastic_rounding: 1]
[linear_tree: 0]
[max_bin: 255]
[max_bin_by_feature: ]
[min_data_in_bin: 3]
[bin_construct_sample_cnt: 200000]
[data_random_seed: 175]
[is_enable_sparse: 1]
[enable_bundle: 1]
[use_missing: 1]
[zero_as_missing: 0]
[feature_pre_filter: 1]
[pre_partition: 0]
[two_round: 0]
[header: 0]
[label_column: ]
[weight_column: ]
[group_column: ]
[ignore_column: ]
[categorical_feature: ]
[forcedbins_filename: ]
[precise_float_parser: 0]
[parser_config_file: ]
[objective_seed: 16083]
[num_class: 1]
[is_unbalance: 0]
[scale_pos_weight: 1]
[sigmoid: 1]
[boost_from_average: 1]
[reg_sqrt: 0]
[alpha: 0.9]
[fair_c: 1]
[poisson_max_delta_step: 0.7]
[tweedie_variance_power: 1.5]
[lambdarank_truncation_level: 30]
[lambdarank_norm: 1]
[label_gain: ]
[lambdarank_position_bias_regularization: 0]
[eval_at: ]
[multi_error_top_k: 1]
[auc_mu_weights: ]
[num_machines: 1]
[local_listen_port: 12400]
[time_out: 120]
[machine_list_filename: ]
[machines: ]
[gpu_platform_id: -1]
[gpu_device_id: -1]
[gpu_device_id_list: ]
[gpu_use_dp: 0]
[num_gpu: 1]

end of parameters

pandas_categorical:null
