tree
version=v4
num_class=1
num_tree_per_iteration=1
label_index=0
max_feature_idx=35
objective=regression
feature_names=Column_0 Column_1 Column_2 Column_3 Column_4 Column_5 Column_6 Column_7 Column_8 Column_9 Column_10 Column_11 Column_12 Column_13 Column_14 Column_15 Column_16 Column_17 Column_18 Column_19 Column_20 Column_21 Column_22 Column_23 Column_24 Column_25 Column_26 Column_27 Column_28 Column_29 Column_30 Column_31 Column_32 Column_33 Column_34 Column_35
feature_infos=[-4.3588746428019443:5.1625901699785519] [-4.7410717666135351:4.7265448557376253] [-4.3583317221881375:5.1628413990421409] [-4.3586169808873487:5.1630096413025912] [-4.3580331961922898:5.1625013301362808] [-4.3549708252557853:5.1611452506838971] [-4.3617401270480478:5.1722409227779611] [-1.4017559864578999:7.6075782066667896] [-3.7711066561813156:5.2521579321546934] [-3.3854986914775065:5.0206920332237175] [-3.653487580674371:4.5646839451410441] [-3.645010648457601:3.7985438889894114] [-3.7751517282443832:5.0779836584110223] [-3.683112188495016:4.6184593456387404] [-1.5072993809961748:3.7743350194685519] [-1.5639671843243419:2.5831051173642812] [-2.3357020920230442:3.5928368466023608] [-4.0843473010277362:3.7896237552162169] [-2.331478413486467:5.2371424538955837] [-1.7592814477583321:3.3631598240842884] [-1.8786172947706057:2.7276012900917883] [-1.1954389044424463:7.5025089233660909] [-1.437365732643612:2.2003863770252496] [-2.1504472438210551:1.9389866076575724] [-0.97701653345918715:3.0805270745225002] [-0.88504102187500655:2.6299084746421726] [-2.0764823373219006:1.4382103082659672] none [-0.34368893690982216:7.7960451800566615] [-0.33472037030757751:7.7413009357338254] [-5.6390215806109367:5.784392390706234] [-4.3731665243953612:4.3842720487683478] [-13.087600618727366:13.438488177459339] [-3.19273652757161:3.2212829091436341] [-2.6242215539727196:2.7101516490736821] [-4.3524784154944935:10.336948382995459]
tree_sizes=2226 2161 2332 2218 2001 2169 2179 2190 2383 2377 2294

Tree=0
num_leaves=24
num_cat=0
split_feature=31 24 21 15 33 34 29 14 15 35 17 20 34 29 20 17 29 15 24 14 11 15 23
split_gain=1.47325 1.04321 1.00962 0.883884 0.666645 0.656511 0.617451 0.651521 0.550503 0.511891 0.389449 0.38421 0.266188 0.357772 0.264784 0.258785 0.389091 0.156261 0.152799 0.112976 0.110397 0.093629 0.05315
threshold=0.1042568473393415 0.41873695828898916 0.04290094576258794 0.75919340382318967 -0.049056863290738655 -1.2565337261461529 -0.07002906596859422 1.5691955379038289 0.57603659420610975 -0.083757901841319496 -0.10999412218512182 0.82176492922215005 -1.3145769712187192 -0.33180143087842701 0.63923412282900161 0.89480267509742883 -0.24520532070102133 1.161363673687746 0.60552924714748124 -0.061638185564408081 0.57172684120688555 -0.66612035365917577 -1.0467173930903437
decision_type=2 2 2 2 2 2 2 2 2 2 2 2 2 2 2 2 2 2 2 2 2 2 2
left_child=1 6 15 12 5 -5 7 9 10 -1 -8 -9 -3 -14 -6 16 19 -10 20 -2 -4 -18 -22
right_child=2 3 18 4 14 -7 8 11 17 -11 -12 -13 13 -15 -16 -17 21 -19 -20 -21 22 -23 -24
leaf_value=0.0077007587947647872 0.010296624191967472 0.0099905248060848176 0.014472424859919498 0.0060035897698145759 0.0085410321088296402 0.00051394536635107364 0.012983656765686927 0.012929137312710108 0.0063274868959935834 0.0050323850907379201 0.0092592762506475933 0.0078465720124343604 0.0080213512088027905 0.0060269067736151965 0.0052245845467318308 0.0056601735978933244 0.0078474226447554501 0.0091309513355406196 0.0094892738016309416 0.0078474226447554501 0.012360742215326634 0.0055494243800906663 0.0094934302692507386
leaf_weight=603 99 26 32 39 35 48 45 29 40 70 67 21 154 161 46 22 42 27 22 20 23 21 20
leaf_count=603 99 26 32 39 35 48 45 29 40 70 67 21 154 161 46 22 42 27 22 20 23 21 20
internal_value=0.00784742 0.00744008 0.0097421 0.00635774 0.00459239 0.002798 0.00805045 0.00766177 0.009614 0.00740752 0.0108767 0.0108586 0.00725699 0.00700384 0.00666692 0.00850373 0.00889357 0.00750669 0.0122187 0.00989236 0.0128869 0.00704522 0.0112867
internal_weight=1712 1411 301 509 168 87 902 723 179 673 112 50 341 315 81 204 182 67 97 119 75 63 43
internal_count=1712 1411 301 509 168 87 902 723 179 673 112 50 341 315 81 204 182 67 97 119 75 63 43
is_linear=0
shrinkage=1


Tree=1
num_leaves=23
num_cat=0
split_feature=31 24 21 15 33 34 29 15 17 35 11 20 35 34 29 17 29 15 24 11 9 15
split_gain=1.39188 0.984746 0.958793 0.835945 0.629786 0.618834 0.583135 0.51985 0.367502 0.327605 0.486597 0.396627 0.25996 0.25174 0.337171 0.244809 0.367313 0.148183 0.143967 0.102706 0.101197 0.0888784
threshold=0.1042568473393415 0.41873695828898916 0.04290094576258794 0.75919340382318967 -0.049056863290738655 -1.2565337261461529 -0.07002906596859422 0.57603659420610975 -0.10999412218512182 -0.086819598466640141 -1.1476948259223927 -0.7673267970240838 -0.097698529352648514 -1.3145769712187192 -0.33180143087842701 0.89480267509742883 -0.24520532070102133 1.102260004803042 0.60552924714748124 0.57172684120688555 -0.55296809973280647 -0.66612035365917577
decision_type=2 2 2 2 2 2 2 2 2 2 2 2 2 2 2 2 2 2 2 2 2 2
left_child=1 6 15 13 5 -5 9 8 -8 10 -1 -11 -6 -3 -15 16 20 -9 19 -4 -2 -18
right_child=2 3 18 4 12 -7 7 17 -10 11 -12 -13 -14 14 -16 -17 21 -19 -20 -21 -22 -23
leaf_value=0.0032726042698603126 4.8772667713749858e-05 0.0020854600670843801 0.0064432879954576493 -0.0017924689002434854 0.00010193927368911152 -0.0071264141434255772 0.0049917777706868947 -0.0016817661646621402 0.0013713131979939393 0.0011166811644565311 -0.00014426896872558271 -0.0029907920572014761 -0.0032774167545139786 0.00016881038057862537 -0.0017668994747424976 -0.0021295056644082067 0 0.0010043954408611169 0.0015985062926262615 0.0033500585209618769 0.0024034406624621513 -0.0022376758169848471
leaf_weight=37 23 26 32 39 52 48 45 34 67 27 591 68 29 154 161 22 42 33 22 43 96 21
leaf_count=37 23 26 32 39 52 48 45 34 67 27 591 68 29 154 161 22 42 33 22 43 96 21
internal_value=0 -0.000395261 0.00184228 -0.00144686 -0.00316375 -0.00490812 0.000197672 0.0017172 0.00294432 -0.000179941 6.68913e-05 -0.00179434 -0.00114608 -0.000572064 -0.000818454 0.000635137 0.00101465 -0.00032953 0.0042558 0.00490536 0.00198532 -0.000780268
internal_weight=1712 1411 301 509 168 87 902 179 112 723 628 95 81 341 315 204 182 67 97 75 119 63
internal_count=1712 1411 301 509 168 87 902 179 112 723 628 95 81 341 315 204 182 67 97 75 119 63
is_linear=0
shrinkage=0.03


Tree=2
num_leaves=25
num_cat=0
split_feature=31 24 21 15 33 28 29 14 15 11 23 20 20 33 29 29 29 24 28 15 31 15 11 28
split_gain=1.31419 0.929909 0.908563 0.79105 0.594458 0.559495 0.550517 0.609729 0.491087 0.478586 0.367754 0.364043 0.24701 0.229453 0.333815 0.209806 0.231439 0.320953 0.164131 0.141154 0.0837227 0.0629305 0.0537787 0.00403822
threshold=0.1042568473393415 0.41873695828898916 0.04290094576258794 0.75919340382318967 -0.049056863290738655 -0.33554782313415327 -0.07002906596859422 1.5691955379038289 0.57603659420610975 1.109380848414161 -0.34358514413713098 0.82176492922215005 0.63923412282900161 -0.61298267478611101 -0.33180143087842701 -0.22867920818389345 -0.31550705982754379 0.7404347891008366 1.5996107134233843 1.161363673687746 1.4536533103910798 -0.22320340698590366 1.7135634593684335 0.13343220942527154
decision_type=2 2 2 2 2 2 2 2 2 2 2 2 2 2 2 2 2 2 2 2 2 2 2 2
left_child=1 6 15 13 5 -5 7 9 10 -1 -8 -9 -6 -3 -15 16 17 -2 22 -10 -17 -18 23 -4
right_child=2 3 18 4 12 -7 8 11 19 -11 -12 -13 -14 14 -16 20 21 -19 -20 -21 -22 -23 -24 -25
leaf_value=-8.3898083542238762e-05 0.0014338264372444859 0.0017688523914445847 0.0068024838986992841 -0.0072018793781598407 0.00069297052046443381 -0.0021309796110144815 0 0.0049338608671096159 -0.0014418303071518513 -0.0023486717341566514 0.0038470600299363908 -9.1480296105146335e-06 -0.0025083923886853213 0.00016384287949652038 -0.001776897415168691 0.00051498411642387511 0.0015265697895799212 -0.0029871693016029891 0.0013991801425069571 0.001221754735894501 -0.0016821915413718668 0.0036968748995467372 0.0024933239172982131 0.0039619508544443916
leaf_weight=577 35 31 22 42 35 45 29 29 40 96 83 21 46 154 156 21 70 21 22 27 37 20 20 33
leaf_count=577 35 31 22 42 35 45 29 29 40 96 83 21 46 154 156 21 70 21 22 27 37 20 20 33
internal_value=0 -0.000383573 0.00179063 -0.00140549 -0.00307573 -0.0047708 0.000192531 -0.000174264 0.00166899 -0.000420384 0.00286176 0.00291819 -0.00111403 -0.000554251 -0.000810873 0.000615135 0.00122323 -0.000240791 0.00414018 -0.000319229 -0.000851279 0.00214481 0.00482101 0.00544297
internal_weight=1712 1411 301 509 168 87 902 723 179 673 112 50 81 341 310 204 146 56 97 67 58 90 75 55
internal_count=1712 1411 301 509 168 87 902 723 179 673 112 50 81 341 310 204 146 56 97 67 58 90 75 55
is_linear=0
shrinkage=0.03


Tree=3
num_leaves=24
num_cat=0
split_feature=31 24 21 15 30 29 14 26 15 34 23 20 29 34 29 17 29 28 15 14 15 11 28
split_gain=1.24471 0.877602 0.861783 0.748325 0.562915 0.518786 0.576249 0.465858 0.462843 0.443653 0.347079 0.345033 0.258462 0.226416 0.299933 0.225752 0.332703 0.154898 0.13386 0.101071 0.0826913 0.050514 0.0100972
threshold=0.1042568473393415 0.41873695828898916 0.04290094576258794 0.75919340382318967 -0.015785370479863819 -0.07002906596859422 1.5691955379038289 -2.0366854599284738 0.57603659420610975 -1.2565337261461529 -0.34358514413713098 0.82176492922215005 -0.33196536244432562 -1.3145769712187192 -0.33180143087842701 0.89480267509742883 -0.24520532070102133 1.5996107134233843 1.102260004803042 -0.061638185564408081 -0.66612035365917577 1.6666018596580148 0.13343220942527154
decision_type=2 2 2 2 2 2 2 2 2 2 2 2 2 2 2 2 2 2 2 2 2 2 2
left_child=1 5 15 13 9 6 7 -1 10 -5 -7 -8 -6 -3 -15 16 19 21 -10 -2 -18 22 -4
right_child=2 3 17 4 12 8 11 -9 18 -11 -12 -13 -14 14 -16 -17 20 -19 -20 -21 -22 -23 -24
leaf_value=0.0035180350664573215 0.0022699810958207202 0.0019817924302167676 0.0067406843295320876 -0.0016831728889872984 -0.0019861182696444706 0 0.0047997214141068979 -0.00056727695473529334 -0.0015956562134953264 -0.0060890298855727628 0.0037356742019656786 -8.9078624732792299e-06 0.001787377534677153 0.00015902151646104398 -0.0016657733754070318 -0.0020551283727586267 0 0.0013622418143972752 0.00095649429046898134 0 -0.0021495585790835318 0.0024852705462835726 0.0038529971875250341
leaf_weight=23 99 26 21 39 51 29 29 650 34 58 83 21 20 154 161 22 42 22 33 20 21 21 33
leaf_count=23 99 26 21 39 51 29 29 650 34 58 83 21 20 154 161 22 42 22 33 20 21 21 33
internal_value=1.94514e-07 -0.000372476 0.00174347 -0.00136526 -0.00298985 0.000187107 -0.000168851 -0.000408229 0.00162043 -0.00445124 0.00277846 0.00283731 -0.000853253 -0.00053706 -0.000771134 0.000598204 0.000963278 0.00403187 -0.00030865 0.00188745 -0.000743378 0.00469398 0.00532429
internal_weight=1712 1411 301 509 168 902 723 673 179 97 112 50 71 341 315 204 182 97 67 119 63 75 54
internal_count=1712 1411 301 509 168 902 723 673 179 97 112 50 71 341 315 204 182 97 67 119 63 75 54
is_linear=0
shrinkage=0.03


Tree=4
num_leaves=21
num_cat=0
split_feature=31 26 21 29 15 15 11 31 21 20 17 29 15 13 28 11 9 15 11 28
split_gain=1.17593 0.832791 0.819059 0.682895 0.827402 0.792422 0.521096 0.497065 0.464621 0.318978 0.213552 0.313992 0.197746 0.188206 0.146193 0.0914133 0.0907491 0.0785135 0.0469681 0.00921954
threshold=0.1042568473393415 -0.93494032787888026 0.04290094576258794 -0.33430491066734452 0.87622634471207561 0.83631157236670783 0.78265195931849607 -0.48342776289410444 0.72771350570371085 -1.7658776790571904 0.89480267509742883 -0.24520532070102133 -0.15055628804261359 0.2347902594559039 1.5996107134233843 -0.20791078017873491 -0.55296809973280647 -0.66612035365917577 1.6666018596580148 0.13343220942527154
decision_type=2 2 2 2 2 2 2 2 2 2 2 2 2 2 2 2 2 2 2 2
left_child=1 7 10 4 15 6 -5 -1 -7 -9 11 16 -11 -6 18 -3 -2 -13 19 -4
right_child=2 3 14 5 13 8 -8 9 -10 12 -12 17 -14 -15 -16 -17 -18 -19 -20 -21
leaf_value=0.0042215744609365594 1.434719619842612e-07 0.0006466464604694723 0.0065637413617223505 -0.00017598443348717288 0.0061020377158373593 -0.003288859261142218 -0.0027082586174766565 0.0038394630452676208 -8.3200856142579333e-05 0.0011612924196045188 -0.0020008729103207583 0 -0.00042412796049740237 0.0015851317449553828 0.0013262786304764449 -0.00063911554383788542 0.0022275138832910943 -0.0020931326977442948 0.0024200321321841329 0.0037470398487057539
leaf_weight=34 23 71 21 484 22 193 84 21 54 116 22 42 169 20 22 143 96 21 21 33
leaf_count=34 23 71 21 484 22 193 84 21 54 116 22 42 169 20 22 143 96 21 21 33
internal_value=1.11681e-06 -0.000361063 0.00169559 -0.000772935 0.00056583 -0.00119765 -0.000567991 0.000923 -0.00260944 0.000509356 0.00057873 0.000934156 0.000216124 0.00426687 0.00392661 -0.000195664 0.00183219 -0.00072286 0.00457056 0.00518286
internal_weight=1712 1411 301 1071 256 815 568 340 247 306 204 182 285 42 97 214 119 63 75 54
internal_count=1712 1411 301 1071 256 815 568 340 247 306 204 182 285 42 97 214 119 63 75 54
is_linear=0
shrinkage=0.03


Tree=5
num_leaves=23
num_cat=0
split_feature=31 24 21 15 33 34 29 14 11 15 17 28 35 34 29 17 29 28 15 22 31 21
split_gain=1.11092 0.799358 0.778164 0.669518 0.535634 0.529773 0.482972 0.532938 0.44167 0.414193 0.330456 0.24666 0.230033 0.212899 0.280583 0.202114 0.296582 0.137962 0.127347 0.0944284 0.0766488 0.0455071
threshold=0.1042568473393415 0.41873695828898916 0.04290094576258794 0.75919340382318967 -0.049056863290738655 -1.2565337261461529 -0.07002906596859422 1.5691955379038289 1.109380848414161 0.57603659420610975 -0.10999412218512182 -0.34107228444890048 -0.097698529352648514 -1.3145769712187192 -0.33180143087842701 0.89480267509742883 -0.24520532070102133 1.5996107134233843 1.102260004803042 -0.94321873011713742 1.2912651988513457 0.48051862414917035
decision_type=2 2 2 2 2 2 2 2 2 2 2 2 2 2 2 2 2 2 2 2 2 2
left_child=1 6 15 13 5 -5 7 8 -1 10 -8 -9 -6 -3 -15 16 19 21 -11 -2 -18 -4
right_child=2 3 17 4 12 -7 9 11 -10 18 -12 -13 -14 14 -16 -17 20 -19 -20 -21 -22 -23
leaf_value=-6.5949735709734252e-05 0.00024595035988937269 0.0019286732079124009 0.0029005321491685871 -0.0015628517082160603 0.00019286004029828209 -0.0064927423082374253 0.0046000734481494877 0 -0.0022415484200782056 -0.001515158512705081 0.0011770903869332478 0.0043258411315354435 -0.0029829298309923613 0.00015874226153994112 -0.0016057186445111989 -0.0019480499330162999 0.00062581460352521389 0.0012912648411188272 0.0009756452943159577 0.002283377795147438 -0.0014313246409719186 0.0053821581129662012
leaf_weight=577 32 26 34 39 52 48 45 20 96 34 67 30 29 154 161 22 21 22 33 87 42 41
leaf_count=577 32 26 34 39 52 48 45 20 96 34 67 30 29 154 161 22 21 22 33 87 42 41
internal_value=2.46188e-06 -0.000349516 0.00164946 -0.00129707 -0.00283401 -0.00444188 0.000184403 -0.000158922 -0.000389296 0.00156737 0.00266261 0.00273182 -0.000974363 -0.000513034 -0.0007403 0.000560488 0.000906607 0.00382416 -0.000256252 0.00177961 -0.00070288 0.00445044
internal_weight=1712 1411 301 509 168 87 902 723 673 179 112 50 81 341 315 204 182 97 67 119 63 75
internal_count=1712 1411 301 509 168 87 902 723 673 179 112 50 81 341 315 204 182 97 67 119 63 75
is_linear=0
shrinkage=0.03


Tree=6
num_leaves=23
num_cat=0
split_feature=31 26 21 11 29 29 24 28 11 29 29 17 17 29 28 28 29 23 14 15 11 28
split_gain=1.04931 0.774372 0.736792 0.631892 0.654725 0.888371 0.461643 0.427862 0.389969 0.264227 0.290238 0.255627 0.19141 0.279857 0.165724 0.129558 0.11997 0.121116 0.0952834 0.0755156 0.0467416 0.0114981
threshold=0.1042568473393415 -0.93494032787888026 0.04290094576258794 0.655726685530161 -0.32898830345628116 -0.14531547906778453 -0.97182785876867339 -0.34061832252441648 -1.4914976957770583 -0.33262472210180932 -0.32490735067020954 0.49940766589038815 0.89480267509742883 -0.2470652047668305 -0.33436871834009191 1.5996107134233843 -0.334518861782171 1.7539884096144918 -0.061638185564408081 -0.66612035365917577 1.6666018596580148 0.13343220942527154
decision_type=2 2 2 2 2 2 2 2 2 2 2 2 2 2 2 2 2 2 2 2 2 2
left_child=1 6 12 4 8 -6 7 -1 -3 11 -11 -5 13 18 -9 20 -8 -18 -2 -15 21 -4
right_child=2 3 15 9 5 -7 16 14 -10 10 -12 -13 -14 19 -16 -17 17 -19 -20 -21 -22 -23
leaf_value=-0.00052391367796808487 0.0021278139010031008 0.004092817805474624 0.0062656715810298922 -0.0057698232922170842 -0.0024064482245893348 0.00030321898904420722 -0.0020945577580765212 0.0055947340781112081 0.00015347062569916097 0.0015266160034453091 -0.0021983639661956465 -0.0010935753574999778 -0.0018966213825345037 2.4551090921530436e-05 0.0023337030902832422 0.0012571754636603871 0.00057559327356323544 -0.0014479996880036195 0 -0.0020031871321843937 0.0022462449785671194 0.0035352792759464746
leaf_weight=37 97 21 21 32 250 187 20 20 445 20 96 20 22 44 88 22 146 29 20 21 21 33
leaf_count=37 97 21 21 32 250 187 20 20 445 20 96 20 22 44 88 22 146 29 20 21 21 33
internal_value=2.9086e-06 -0.000339121 0.00160364 -0.000736368 -0.000414169 -0.00124595 0.000898956 0.00216277 0.000362436 -0.00241299 -0.00150862 -0.00418356 0.000543576 0.000880733 0.00309951 0.00371985 -4.41789e-05 0.000204648 0.00174882 -0.00064592 0.00432764 0.00492362
internal_weight=1712 1411 301 1071 903 437 340 145 466 168 116 52 204 182 108 97 195 175 117 65 75 54
internal_count=1712 1411 301 1071 903 437 340 145 466 168 116 52 204 182 108 97 195 175 117 65 75 54
is_linear=0
shrinkage=0.03


Tree=7
num_leaves=23
num_cat=0
split_feature=31 24 21 15 20 29 15 17 16 20 28 17 28 34 22 35 29 28 15 5 20 21
split_gain=0.991519 0.738281 0.700415 0.631605 0.528193 0.440604 0.384633 0.311095 0.288545 0.29187 0.270669 0.249069 0.197203 0.247335 0.182859 0.192885 0.169929 0.122235 0.119844 0.0645983 0.0621257 0.0436599
threshold=0.1042568473393415 0.41873695828898916 0.04290094576258794 0.75919340382318967 0.46744042269427372 -0.07002906596859422 0.57603659420610975 -0.10999412218512182 -1.5902717867434866 -1.7658776790571904 -0.34339081111969222 0.41155124658633696 -0.34364990577179977 -1.0004614576755888 -0.82819688391100565 0.030572502856306961 -0.17915811592550226 1.5996107134233843 1.161363673687746 -0.31378804694849699 0.12385302242481758 0.48051862414917035
decision_type=2 2 2 2 2 2 2 2 2 2 2 2 2 2 2 2 2 2 2 2 2 2
left_child=1 5 14 12 11 8 7 -7 -1 -10 -6 -5 -3 -14 15 20 19 21 -8 -16 -2 -4
right_child=2 3 17 4 10 6 18 -9 9 -11 -12 -13 13 -15 16 -17 -18 -19 -20 -21 -22 -23
leaf_value=0.0025895088738338515 -0.00019833975301129214 0.0015746696593642636 0.0027224949576681152 -0.002106008316381261 -0.0010649083364626455 0.0044400983336381613 -0.0012903923675225677 0.0011190814305429479 0.0027126353262491255 -0.00040497768129431675 -0.0049016695002576816 0.0014782831327569098 0.0015938349946482046 -0.0010328961833305985 0.00040652849551232065 -0.00282018384564182 -0.00056850520763546228 0.0012239860402140765 0.0011642562682740388 0.0025504965020884431 0.0016146529644788443 0.0051127568617124457
leaf_weight=30 56 34 34 36 26 45 40 67 25 668 78 28 33 274 22 20 27 22 27 59 20 41
leaf_count=30 56 34 34 36 26 45 40 67 25 668 78 28 33 274 22 20 27 22 27 59 20 41
internal_value=3.48404e-06 -0.000328945 0.00155955 -0.00123964 -0.00273231 0.000184054 0.00150495 0.00256053 -0.000143709 -0.000276992 -0.00402727 -0.000497128 -0.000478115 -0.000728175 0.00052565 -0.000398275 0.00136251 0.00362293 -0.000250845 0.00203921 0.000283987 0.00421402
internal_weight=1712 1411 301 509 168 902 179 112 723 693 104 64 341 307 204 96 108 97 67 81 76 75
internal_count=1712 1411 301 509 168 902 179 112 723 693 104 64 341 307 204 96 108 97 67 81 76 75
is_linear=0
shrinkage=0.03


Tree=8
num_leaves=25
num_cat=0
split_feature=31 21 24 15 33 34 29 35 11 15 23 26 35 22 34 29 35 29 28 15 24 11 19 11
split_gain=0.940027 0.730678 0.697989 0.598818 0.436705 0.489982 0.417428 0.4187 0.402575 0.390252 0.318525 0.305824 0.240141 0.207638 0.192818 0.218245 0.174268 0.133324 0.219078 0.127999 0.11193 0.0845118 0.0843607 0.059395
threshold=0.068645174369429518 0.25224773323683641 0.46024635581309853 0.75919340382318967 -0.049056863290738655 -1.2565337261461529 -0.075714793162243429 -0.086819598466640141 -1.1476948259223927 0.57603659420610975 -0.34358514413713098 -1.0480472425759866 -0.097698529352648514 -0.82819688391100565 -1.3145769712187192 -0.33180143087842701 0.030572502856306961 -0.22592163779158436 -0.15708970716733237 1.102260004803042 0.41873695828898916 -0.43695814978012493 -0.11636679942973617 0.57172684120688555
decision_type=2 2 2 2 2 2 2 2 2 2 2 2 2 2 2 2 2 2 2 2 2 2 2 2
left_child=2 13 6 14 5 -5 7 8 -1 10 -8 -9 -6 16 -4 -16 21 18 -15 -11 23 -2 -19 -3
right_child=1 20 3 4 12 -7 9 11 -10 19 -12 -13 -14 17 15 -17 -18 22 -20 -21 -22 -23 -24 -25
leaf_value=0.0029694039894313348 0.0017134150252677497 0.0062251071845707681 0.0018254926144145429 -0.0014194952394885017 0.00019451569305318928 -0.0061721427751332521 -0.00028542903062355303 0.00065131067449226976 -0.00010157596781722311 -0.0015161862706054784 0.0034245201953751751 -0.0033055486616678535 -0.0032465239628218113 -0.0004395081098994304 9.8517789337049613e-05 -0.0014882033402693266 -0.0027466138965733669 0.0010642922206968071 0.0025682217309164796 0.00094682391164698507 0.0014152496376191263 -0.00035975765394869087 -0.0014429997973872913 0.0032283035936454935
leaf_weight=38 21 20 26 39 51 47 25 22 593 35 83 57 24 26 146 156 20 22 83 34 21 61 20 42
leaf_count=38 21 20 26 39 51 47 25 22 593 35 83 57 24 26 146 156 20 22 83 34 21 61 20 42
internal_value=4.42463e-06 0.00142148 -0.000341765 -0.00124875 -0.00273401 -0.00417108 0.000157405 -0.000165279 9.1808e-05 0.00144963 0.0025542 -0.00218354 -0.000950671 0.000587754 -0.000492465 -0.000717853 -0.000429282 0.00128922 0.00183144 -0.00027198 0.0038188 0.000177617 -7.95931e-05 0.00448386
internal_weight=1712 336 1376 489 161 86 887 710 631 177 108 79 75 253 328 302 102 151 109 69 83 82 42 62
internal_count=1712 336 1376 489 161 86 887 710 631 177 108 79 75 253 328 302 102 151 109 69 83 82 42 62
is_linear=0
shrinkage=0.03


Tree=9
num_leaves=25
num_cat=0
split_feature=31 22 24 7 29 29 35 11 14 23 26 20 32 16 29 29 26 23 11 28 35 10 8 11
split_gain=0.888336 0.66738 0.658775 0.461144 0.438712 0.393106 0.394728 0.384039 0.361604 0.373381 0.289252 0.280758 0.245503 0.218577 0.262661 0.215061 0.201618 0.245196 0.175739 0.154528 0.118539 0.168982 0.117558 0.0694837
threshold=0.068645174369429518 -0.3648216928528078 0.46024635581309853 0.54720496058294676 -0.3205438432285061 -0.075714793162243429 -0.086819598466640141 -1.3955495532586231 0.085224824671927893 -0.34358514413713098 -1.0480472425759866 0.54260016650321707 0.13704997824101475 0.88370366158767732 -0.24520532070102133 -0.11242896844833565 -0.48670181407923563 0.075094988276157015 0.66679309285452004 -0.33397231380493392 0.16889145780485609 -0.15572759074991968 -0.41061221064042036 1.7785249361895088
decision_type=2 2 2 2 2 2 2 2 2 2 2 2 2 2 2 2 2 2 2 2 2 2 2 2
left_child=2 11 5 16 18 6 7 -1 9 -7 -8 13 -6 14 -2 23 19 -18 -5 -4 21 -13 -10 -3
right_child=1 15 3 4 12 8 10 -9 22 -11 -12 20 -14 -15 -16 -17 17 -19 -20 -21 -22 -23 -24 -25
leaf_value=0.0037354050665348768 0.0013962743600043526 0.0051038846850022671 0.0016287665242977838 0.00018551190714088251 -0.0052475114619176437 -0.00034394562944769862 0.00063411604782566433 -5.5158362224324702e-05 0.0013042675143488767 0.004043257981921817 -0.0032113404537551108 0.0008514947896823287 -0.0013778908370062708 -0.0026053319906109364 -0.0012545267847278315 0.0011202524665743111 -5.1169839299445106e-05 -0.0019418553711780472 -0.0028808925389312207 -0.00084615875924056437 0.00025530715354464274 0.0045383494840934872 -0.00074523695861792249 0.0020942318232163139
leaf_weight=22 76 47 53 50 53 22 22 609 41 59 57 27 27 26 55 32 127 124 21 34 30 23 55 20
leaf_count=22 76 47 53 50 53 22 22 609 41 59 57 27 27 26 55 32 127 124 21 34 30 23 55 20
internal_value=4.49138e-06 0.00138208 -0.000331997 -0.00121315 -0.00258121 0.000152863 -0.000160167 8.93189e-05 0.00140693 0.00284623 -0.00211985 0.000487315 -0.00407467 -0.000237572 0.000257784 0.00341736 -0.000575849 -0.00100893 -0.000760936 0.000632256 0.00190322 0.00276494 0.000112768 0.00437659
internal_weight=1712 336 1376 489 151 887 710 631 177 81 79 237 80 157 131 99 338 251 71 87 80 50 96 67
internal_count=1712 336 1376 489 151 887 710 631 177 81 79 237 80 157 131 99 338 251 71 87 80 50 96 67
is_linear=0
shrinkage=0.03


Tree=10
num_leaves=24
num_cat=0
split_feature=30 26 21 11 29 29 34 30 30 10 22 29 29 17 17 29 15 30 24 11 14 34 15
split_gain=0.831671 0.664861 0.588869 0.57563 0.576268 0.777176 0.414178 0.370975 0.389954 0.352799 0.263064 0.246444 0.231496 0.215259 0.174792 0.23133 0.165014 0.130139 0.116967 0.101268 0.0886791 0.073523 0.0678613
threshold=0.074036767705945777 -0.93494032787888026 0.04290094576258794 0.655726685530161 -0.32898830345628116 -0.14531547906778453 -0.01267089599065223 -0.018064145716040671 -0.40598327171550652 -0.95275162536495761 -0.19714357493551701 -0.33262472210180932 -0.32448999369006254 0.31106179966729064 0.89480267509742883 -0.2470652047668305 1.0818993583315319 -0.017581001380253928 0.60552924714748124 0.43153233355129922 -0.061638185564408081 1.2294283167154387 -0.66612035365917577
decision_type=2 2 2 2 2 2 2 2 2 2 2 2 2 2 2 2 2 2 2 2 2 2 2
left_child=1 6 14 4 9 -6 7 8 -1 -3 16 13 -13 -5 15 20 -8 -12 19 -4 -2 -21 -17
right_child=2 3 18 11 5 -7 10 -9 -10 -11 17 12 -14 -15 -16 22 -18 -19 -20 21 -22 -23 -24
leaf_value=0.003718646569253021 0.0019444446748867171 0.0022937438736359279 0.0056969594227579932 -0.0057834547642618417 -0.0022372337640928367 0.00029849050247193141 -0.002055968917137978 0.0054066569084922477 -0.00012414283570743955 3.5089365058229299e-06 -0.0011911492590468539 0.0012917369352248699 -0.0020356134944535388 -0.0014883897063943244 -0.0018149336996273349 3.9239727906533512e-05 0.00088507712112091805 0.0012396184687756681 0.0010274473345981768 0.0012439037713687865 -9.3393444164615601e-05 0.0038652335010468959 -0.0018741938496241344
leaf_weight=34 98 69 23 27 249 187 60 24 62 397 20 20 94 24 23 45 20 118 23 27 20 27 21
leaf_count=34 98 69 23 27 249 187 60 24 62 397 20 20 94 24 23 45 20 118 23 27 20 27 21
internal_value=4.68883e-06 -0.000303283 0.00141311 -0.000671917 -0.000366317 -0.00114822 0.000847298 0.00223984 0.00127799 0.000361521 4.71861e-05 -0.0022883 -0.00140807 -0.00401278 0.000466454 0.000792212 -0.00127915 0.000848209 0.0032729 0.00384244 0.0015805 0.00274165 -0.000581118
internal_weight=1712 1405 307 1067 902 436 338 120 96 466 218 165 114 51 207 184 80 138 100 77 118 54 66
internal_count=1712 1405 307 1067 902 436 338 120 96 466 218 165 114 51 207 184 80 138 100 77 118 54 66
is_linear=0
shrinkage=0.03


end of trees

feature_importances:
Column_29=39
Column_15=32
Column_11=21
Column_28=18
Column_17=14
Column_24=14
Column_21=13
Column_31=13
Column_34=13
Column_20=11
Column_35=10
Column_14=9
Column_23=7
Column_26=7
Column_33=6
Column_22=5
Column_30=5
Column_9=2
Column_10=2
Column_16=2
Column_5=1
Column_7=1
Column_8=1
Column_13=1
Column_19=1
Column_32=1

parameters:
[boosting: gbdt]
[objective: regression]
[metric: l2]
[tree_learner: serial]
[device_type: cpu]
[data_sample_strategy: bagging]
[data: ]
[valid: ]
[num_iterations: 200]
[learning_rate: 0.03]
[num_leaves: 31]
[num_threads: 40]
[seed: 42]
[deterministic: 0]
[force_col_wise: 0]
[force_row_wise: 0]
[histogram_pool_size: -1]
[max_depth: 5]
[min_data_in_leaf: 20]
[min_sum_hessian_in_leaf: 0.001]
[bagging_fraction: 0.8]
[pos_bagging_fraction: 1]
[neg_bagging_fraction: 1]
[bagging_freq: 0]
[bagging_seed: 400]
[bagging_by_query: 0]
[feature_fraction: 0.8]
[feature_fraction_bynode: 1]
[feature_fraction_seed: 30056]
[extra_trees: 0]
[extra_seed: 12879]
[early_stopping_round: 0]
[early_stopping_min_delta: 0]
[first_metric_only: 0]
[max_delta_step: 0]
[lambda_l1: 0.1]
[lambda_l2: 3]
[linear_lambda: 0]
[min_gain_to_split: 0]
[drop_rate: 0.1]
[max_drop: 50]
[skip_drop: 0.5]
[xgboost_dart_mode: 0]
[uniform_drop: 0]
[drop_seed: 17869]
[top_rate: 0.2]
[other_rate: 0.1]
[min_data_per_group: 100]
[max_cat_threshold: 32]
[cat_l2: 10]
[cat_smooth: 10]
[max_cat_to_onehot: 4]
[top_k: 20]
[monotone_constraints: ]
[monotone_constraints_method: basic]
[monotone_penalty: 0]
[feature_contri: ]
[forcedsplits_filename: ]
[refit_decay_rate: 0.9]
[cegb_tradeoff: 1]
[cegb_penalty_split: 0]
[cegb_penalty_feature_lazy: ]
[cegb_penalty_feature_coupled: ]
[path_smooth: 0]
[interaction_constraints: ]
[verbosity: -1]
[saved_feature_importance_type: 0]
[use_quantized_grad: 0]
[num_grad_quant_bins: 4]
[quant_train_renew_leaf: 0]
[stochastic_rounding: 1]
[linear_tree: 0]
[max_bin: 255]
[max_bin_by_feature: ]
[min_data_in_bin: 3]
[bin_construct_sample_cnt: 200000]
[data_random_seed: 175]
[is_enable_sparse: 1]
[enable_bundle: 1]
[use_missing: 1]
[zero_as_missing: 0]
[feature_pre_filter: 1]
[pre_partition: 0]
[two_round: 0]
[header: 0]
[label_column: ]
[weight_column: ]
[group_column: ]
[ignore_column: ]
[categorical_feature: ]
[forcedbins_filename: ]
[precise_float_parser: 0]
[parser_config_file: ]
[objective_seed: 16083]
[num_class: 1]
[is_unbalance: 0]
[scale_pos_weight: 1]
[sigmoid: 1]
[boost_from_average: 1]
[reg_sqrt: 0]
[alpha: 0.9]
[fair_c: 1]
[poisson_max_delta_step: 0.7]
[tweedie_variance_power: 1.5]
[lambdarank_truncation_level: 30]
[lambdarank_norm: 1]
[label_gain: ]
[lambdarank_position_bias_regularization: 0]
[eval_at: ]
[multi_error_top_k: 1]
[auc_mu_weights: ]
[num_machines: 1]
[local_listen_port: 12400]
[time_out: 120]
[machine_list_filename: ]
[machines: ]
[gpu_platform_id: -1]
[gpu_device_id: -1]
[gpu_device_id_list: ]
[gpu_use_dp: 0]
[num_gpu: 1]

end of parameters

pandas_categorical:null
