tree
version=v4
num_class=1
num_tree_per_iteration=1
label_index=0
max_feature_idx=35
objective=regression
feature_names=Column_0 Column_1 Column_2 Column_3 Column_4 Column_5 Column_6 Column_7 Column_8 Column_9 Column_10 Column_11 Column_12 Column_13 Column_14 Column_15 Column_16 Column_17 Column_18 Column_19 Column_20 Column_21 Column_22 Column_23 Column_24 Column_25 Column_26 Column_27 Column_28 Column_29 Column_30 Column_31 Column_32 Column_33 Column_34 Column_35
feature_infos=[-4.3463753487601284:5.1464342712526507] [-4.7270340633924617:4.7115469576122448] [-4.3473349101037844:5.147015307841877] [-4.3471745594960085:5.1487336820860907] [-4.3435961411790736:5.1467585349825606] [-4.3424936606773104:5.1458555725844759] [-4.3451161195768879:5.1514626051639132] [-1.3925618943081877:7.5557775374963194] [-3.7603246422743433:5.2346471262401568] [-3.3673408685048267:4.9926644833642833] [-3.6242315320248939:4.5307144066896656] [-3.6117191825362429:3.7799627737017998] [-3.7517833020982785:5.047578795542405] [-3.6529859497902808:4.587643136709155] [-1.4982207621355703:3.7404371367118912] [-1.5540594343931355:2.5569144692257222] [-2.3148900969794886:3.5713840659170386] [-4.05962995537773:3.7575327897495012] [-2.3313570426330834:5.2472046039283153] [-1.7438447735880616:3.3924359914754629] [-1.8899652248855312:2.8326871604039363] [-1.1970450354192568:7.4442468302475842] [-1.4430049316343498:2.3093646639963583] [-2.1337980582001608:1.9364638623740078] [-0.98692355171594415:3.0659803077661003] [-0.87773696990914196:2.6975851129962107] [-2.0639983061392151:1.4209226848280063] none [-0.34714348604841777:7.7247681483123696] [-0.3375956621816768:7.6696380518768548] [-5.5865721638466068:5.7296534118642057] [-4.3326414571916461:4.3426383795999088] [-12.964698199482216:13.312322821322237] [-3.1648719261732148:3.1896640177118059] [-2.610780847289508:2.6818384453858788] [-4.3147864283808941:10.239099717270069]
tree_sizes=2264 2232 2188 2079 2094

Tree=0
num_leaves=25
num_cat=0
split_feature=34 22 20 15 34 20 15 22 29 33 21 29 13 22 34 22 31 29 16 15 11 11 29 29
split_gain=15.577 8.94392 12.8085 5.18356 4.70148 5.24458 5.05789 3.15048 2.23841 1.99642 1.81757 1.65512 1.53448 1.37557 1.19043 1.1019 1.28508 1.04066 0.721665 0.704406 0.607826 0.119302 0.0685294 0.0304751
threshold=-0.22838185723504986 1.0000000180025095e-35 0.18513961107499269 0.575109979120069 -0.021031396123870141 -0.73957554128937864 -1.3400191844238234 0.81153267238338811 -0.33614993130504695 -0.0079766226589686375 0.51793527795720129 1.2814815292245234 0.56716671801786978 1.8144855523543304 0.083812547551894587 0.46237768077729402 -0.58414240943885865 -0.33673458241531357 -1.0045633163399461 -0.9817390309501749 -0.22349478168976264 0.2411354025400865 -0.2053565148700138 -0.30902664386425205
decision_type=2 2 2 2 2 2 2 2 2 2 2 2 2 2 2 2 2 2 2 2 2 2 2 2
left_child=3 4 8 13 5 23 20 18 -3 -8 -10 -9 17 15 -14 16 -1 -4 -5 -7 -6 -15 -20 -2
right_child=1 2 12 7 6 19 9 11 10 -11 -12 -13 14 21 -16 -17 -18 -19 22 -21 -22 -23 -24 -25
leaf_value=0.031248765412440281 0.042484653618879244 0.031421972151642226 0.034448420352585239 0.028481206143781169 0.031866699835652115 0.025364988025621892 0.022366521492122999 0.013341394285690526 0.039372803954562011 0.027944208954755786 0.048489180772699036 0.02441812629545443 0.021839569859113877 0.032838879571636975 0.029147138010130202 0.019862091688461231 0.025052250626095889 0.028689696748473523 0.025349841110744505 0.030834221454186021 0.039053413003942682 0.029597555677931382 0.021502592925156539 0.037462902269369026
leaf_weight=40 27 26 47 27 21 28 61 62 132 657 29 20 34 24 42 22 98 62 20 64 34 22 43 38
leaf_count=40 27 26 47 27 21 28 61 62 132 657 29 20 34 24 42 22 98 62 20 64 34 22 43 38
internal_value=0.0291099 0.030668 0.0345791 0.0237731 0.0290941 0.0337734 0.0281255 0.0199662 0.0400503 0.0274401 0.0413576 0.0157468 0.0289784 0.0270517 0.025764 0.0257415 0.0268769 0.0312225 0.0241499 0.0291099 0.0366456 0.0314747 0.0224521 0.040091
internal_weight=1680 1302 372 378 930 157 773 172 187 718 161 82 185 206 76 160 138 109 90 92 55 46 63 65
internal_count=1680 1302 372 378 930 157 773 172 187 718 161 82 185 206 76 160 138 109 90 92 55 46 63 65
is_linear=0
shrinkage=1


Tree=1
num_leaves=24
num_cat=0
split_feature=34 22 20 15 34 20 15 19 29 33 21 13 22 33 22 30 29 15 34 11 7 11 29
split_gain=14.7179 8.43126 12.0901 4.89998 4.44135 4.96435 4.78302 4.19207 2.1079 1.88464 1.7307 1.44942 1.302 1.12805 1.04649 1.22045 0.983119 0.666078 0.59715 0.572528 0.399524 0.112602 0.0284963
threshold=-0.22838185723504986 1.0000000180025095e-35 0.18513961107499269 0.575109979120069 -0.021031396123870141 -0.73957554128937864 -1.3400191844238234 0.97021311236289753 -0.33614993130504695 -0.0079766226589686375 0.51793527795720129 0.56716671801786978 1.8144855523543304 0.060320474154758018 0.46237768077729402 -0.33617642927921693 -0.33673458241531357 -0.9817390309501749 -0.45368896620990523 -0.22349478168976264 0.51823280492288959 0.2411354025400865 -0.30902664386425205
decision_type=2 2 2 2 2 2 2 2 2 2 2 2 2 2 2 2 2 2 2 2 2 2 2
left_child=3 4 8 12 5 22 19 18 -3 -8 -10 16 14 -13 15 -1 -4 -7 20 -6 -5 -14 -2
right_child=1 2 11 7 6 17 9 -9 10 -11 -12 13 21 -15 -16 -17 -18 -19 -20 -21 -22 -23 -24
leaf_value=0.0015330159110375321 0.0130136666983366 0.0022499162803468263 0.005188004801943898 -0.0034010188236663292 0.0026844645449891685 -0.0036434063717362378 -0.0065505294249742288 -0.015017081913581259 0.009961889523930019 -0.0011308486309258691 0.018852438390254973 -0.0068860618151151218 0.00362957074575954 0.00020002892271745517 -0.0090036353337764746 -0.0042195754360367091 -0.00040814818052145152 0.0016749386675290955 -0.00020732366795773088 0.009669425270062355 -0.0079978724957372131 0.00047481232613325123 0.0081207788728359272
leaf_weight=49 27 26 47 41 21 28 61 62 132 657 29 36 24 40 22 89 62 64 20 34 49 22 38
leaf_count=49 27 26 47 41 21 28 61 62 132 657 29 36 24 40 22 89 62 64 20 34 49 22 38
internal_value=0 0.00151535 0.00531279 -0.00518666 -1.26054e-05 0.00453523 -0.000954121 -0.00888807 0.0106283 -0.0016208 0.0118972 -0.000128109 -0.00199859 -0.0032526 -0.00327347 -0.00216655 0.00205242 0 -0.00510002 0.00733096 -0.00611327 0.00230344 0.0106818
internal_weight=1680 1302 372 378 930 157 773 172 187 718 161 185 206 76 160 138 109 92 110 55 90 46 65
internal_count=1680 1302 372 378 930 157 773 172 187 718 161 185 206 76 160 138 109 92 110 55 90 46 65
is_linear=0
shrinkage=0.03


Tree=2
num_leaves=23
num_cat=0
split_feature=26 33 30 21 29 23 15 13 20 29 26 28 26 26 11 29 11 15 29 33 16 26
split_gain=13.6302 9.35923 7.23126 4.69874 4.54246 5.88673 3.93827 2.82597 2.56169 1.68619 1.49365 1.3044 1.20095 0.842617 0.745765 0.685882 0.539234 0.422568 0.408242 0.317918 0.22396 0.0137982
threshold=-0.28000120766433828 -0.17941250364180025 -0.012501320058450434 0.083168116854700117 -0.33673458241531357 0.94520279600288382 -1.3400191844238234 0.62340953255879439 0.11908852876325178 1.7978005538681499 0.081367238359676339 -0.29369764183594771 0.1187501810518158 0.031523314770157074 0.36988530971968975 -0.22737546322172553 -0.22349478168976264 0.42639656246507224 -0.16687356733999884 -0.053428421849617047 -0.12421726152951194 -1.405643148727648
decision_type=2 2 2 2 2 2 2 2 2 2 2 2 2 2 2 2 2 2 2 2 2 2
left_child=1 9 3 10 20 8 16 12 -6 14 18 -5 -8 -9 17 -7 -4 -1 -2 -12 -3 -22
right_child=2 4 6 11 5 15 7 13 -10 -11 19 -13 -14 -15 -16 -17 -18 -19 -20 -21 21 -23
leaf_value=0.00097931923065334558 -0.0020146415285766123 0.0013961778044915541 0.0026139973797835408 -0.014743382685300375 0.010470009811186357 0.00044851621535369455 0.0025839984851115712 0.00011076010837508685 -8.4182385653257363e-05 0.0033378661663199844 -0.003424043508809023 -0.0062562179175707014 -0.00074778353883241089 -0.0057096517587126019 -0.0073702687428843583 0.0058775858390662404 0.0094028627574947229 -0.0047041331283424201 0.0026789979212665676 -0.0063526863789651533 -0.00082747130918711339 -0.002365739684729641
leaf_weight=21 27 23 21 51 235 103 121 26 22 23 98 36 450 120 59 24 34 20 34 77 20 35
leaf_count=21 27 23 21 51 235 103 121 26 22 23 98 36 450 120 59 24 34 20 34 77 20 35
internal_value=1.45133e-07 0.00368793 -0.001972 -0.00571931 0.00564165 0.00697415 -0.000384211 -0.00099223 0.00956445 -0.00358622 -0.0034241 -0.0115904 -2.67075e-05 -0.00467165 -0.00525872 0.00160952 0.00713176 -0.00185662 0.000557557 -0.00481485 -0.000896658 -0.00192983
internal_weight=1680 585 1095 323 462 384 772 717 257 123 236 87 571 146 100 127 55 41 61 175 78 55
internal_count=1680 585 1095 323 462 384 772 717 257 123 236 87 571 146 100 127 55 41 61 175 78 55
is_linear=0
shrinkage=0.03


Tree=3
num_leaves=22
num_cat=0
split_feature=34 26 22 15 34 15 19 11 30 21 22 30 29 22 30 32 29 32 11 7 11
split_gain=13.2456 15.5254 5.48698 4.47574 4.36005 4.10232 3.76027 2.30897 1.87595 1.50364 1.17803 1.17226 0.963162 0.956619 1.10862 0.85161 0.586403 0.567766 0.507831 0.151611 0.105859
threshold=-0.22838185723504986 -0.32153781065560433 0.06465681425740584 0.575109979120069 -0.0098143662235418358 -1.3400191844238234 0.97021311236289753 0.36988530971968975 0.80959385193462186 0.86692410258804442 1.8144855523543304 -0.012501320058450434 -0.33614993130504695 0.46237768077729402 -0.33617642927921693 0.0063332551618832493 -0.20090682546304553 -0.0070342201765958299 -0.22349478168976264 0.19792480149846164 0.2411354025400865
decision_type=2 2 2 2 2 2 2 2 2 2 2 2 2 2 2 2 2 2 2 2 2
left_child=3 2 4 10 17 18 15 11 12 -9 13 -7 -4 14 -1 -5 -6 -2 -3 -17 -12
right_child=1 5 8 6 16 7 -8 9 -10 -11 20 -13 -14 -15 -16 19 -18 -19 -20 -21 -22
leaf_value=0.0014945304316396897 0.0032137832751031963 0.0025453798427479339 0.0028760290358914062 -0.00019527160030819715 -0.00072162625850394888 -0.0035347191511907361 -0.014264848733865295 -0.0048026173991879608 0.019048595705757971 0.0020693928996744727 0.0035019030479921231 0.00020279214517233285 0.0099659257940053932 -0.0085643636691570268 -0.0039859811701918142 -0.003227235859930515 0.0040647705923932201 0.0097309708882821703 0.0091436491556264252 -0.0072562371112761042 0.00044224301545880734
leaf_weight=49 21 21 25 28 126 85 62 199 20 31 24 524 122 22 89 22 25 69 34 60 22
leaf_count=49 21 21 25 28 126 85 62 199 20 31 24 524 122 22 89 22 25 69 34 60 22
internal_value=0 0.0014378 0.00626489 -0.00492018 0.00328477 -0.000775417 -0.00845767 -0.00130755 0.010414 -0.0038488 -0.00187319 -0.000328732 0.0088618 -0.00308653 -0.00202833 -0.00486617 0.00011509 0.00839528 0.006938 -0.00636263 0.00221648
internal_weight=1680 1302 408 378 241 894 172 839 167 230 206 609 147 160 138 110 151 90 55 82 46
internal_count=1680 1302 408 378 241 894 172 839 167 230 206 609 147 160 138 110 151 90 55 82 46
is_linear=0
shrinkage=0.03


Tree=4
num_leaves=22
num_cat=0
split_feature=34 26 29 23 15 15 19 11 31 32 21 31 29 15 11 32 20 23 26 16 19
split_gain=12.5136 15.2603 4.72057 4.78918 4.68509 3.96514 2.96147 2.0118 1.78276 1.51886 1.41879 0.673294 0.67298 0.533021 0.478214 0.444674 0.288263 0.21967 0.197392 0.185155 0.0256559
threshold=-0.30363075024418845 -0.32153781065560433 -0.33673458241531357 0.94520279600288382 0.575109979120069 -1.3400191844238234 0.98430159300135778 0.36988530971968975 1.1041661474279494 -0.0063041605570012095 0.86692410258804442 -0.0087128717030720611 2.7202336445662296 0.16442902925330824 -0.22349478168976264 0.014333795385292511 0.44934394032195596 0.59701542422587595 0.048137955966663495 0.070332503317539791 -0.75663998290135093
decision_type=2 2 2 2 2 2 2 2 2 2 2 2 2 2 2 2 2 2 2 2 2
left_child=4 2 19 8 12 14 15 9 -4 -7 -9 -5 13 16 -3 -6 -1 -15 -17 -2 -21
right_child=1 5 3 11 6 7 -8 10 -10 -11 -12 -13 -14 17 -16 18 -18 -19 -20 20 -22
leaf_value=-0.0047390323418688464 0.0010648139790237811 0.0024785637033055536 0.0088561670458038692 0.0059476511007682843 -0.0012544885164198392 0.00022453919527811543 -0.013978997877665928 -0.0046606786943543333 0.018551676330359087 -0.0035960663995019309 0.0020127888979280697 0.00078819118612608334 0.0029295469140633939 0.0013689974027997645 0.0088915809004290695 -0.0078379441458494119 -0.00081925853020672142 -0.0018524462394189178 -0.0037715102590620514 -0.00090697964395468052 -0.0027714355554845594
leaf_weight=74 23 21 214 30 23 517 60 199 20 111 31 83 21 32 34 44 26 38 32 23 24
leaf_count=74 23 21 214 30 23 517 60 199 20 111 31 83 21 32 34 44 26 38 32 23 24
internal_value=5.93687e-07 0.00133239 0.00606621 0.0074901 -0.00502003 -0.000839235 -0.00878197 -0.001351 0.00992184 -0.000459891 -0.003734 0.00230221 -0.00178552 -0.00242601 0.00674955 -0.00528434 -0.00380256 -0.000342951 -0.00637198 -0.000968837 -0.0020282
internal_weight=1680 1330 417 347 350 913 159 858 234 628 230 113 191 170 55 99 100 70 76 70 47
internal_count=1680 1330 417 347 350 913 159 858 234 628 230 113 191 170 55 99 100 70 76 70 47
is_linear=0
shrinkage=0.03


end of trees

feature_importances:
Column_29=16
Column_15=13
Column_11=11
Column_22=10
Column_34=9
Column_26=8
Column_20=6
Column_21=5
Column_30=5
Column_33=5
Column_19=4
Column_32=4
Column_13=3
Column_16=3
Column_23=3
Column_31=3
Column_7=2
Column_28=1

parameters:
[boosting: gbdt]
[objective: regression]
[metric: l2]
[tree_learner: serial]
[device_type: cpu]
[data_sample_strategy: bagging]
[data: ]
[valid: ]
[num_iterations: 200]
[learning_rate: 0.03]
[num_leaves: 31]
[num_threads: 40]
[seed: 42]
[deterministic: 0]
[force_col_wise: 0]
[force_row_wise: 0]
[histogram_pool_size: -1]
[max_depth: 5]
[min_data_in_leaf: 20]
[min_sum_hessian_in_leaf: 0.001]
[bagging_fraction: 0.8]
[pos_bagging_fraction: 1]
[neg_bagging_fraction: 1]
[bagging_freq: 0]
[bagging_seed: 400]
[bagging_by_query: 0]
[feature_fraction: 0.8]
[feature_fraction_bynode: 1]
[feature_fraction_seed: 30056]
[extra_trees: 0]
[extra_seed: 12879]
[early_stopping_round: 0]
[early_stopping_min_delta: 0]
[first_metric_only: 0]
[max_delta_step: 0]
[lambda_l1: 0.1]
[lambda_l2: 3]
[linear_lambda: 0]
[min_gain_to_split: 0]
[drop_rate: 0.1]
[max_drop: 50]
[skip_drop: 0.5]
[xgboost_dart_mode: 0]
[uniform_drop: 0]
[drop_seed: 17869]
[top_rate: 0.2]
[other_rate: 0.1]
[min_data_per_group: 100]
[max_cat_threshold: 32]
[cat_l2: 10]
[cat_smooth: 10]
[max_cat_to_onehot: 4]
[top_k: 20]
[monotone_constraints: ]
[monotone_constraints_method: basic]
[monotone_penalty: 0]
[feature_contri: ]
[forcedsplits_filename: ]
[refit_decay_rate: 0.9]
[cegb_tradeoff: 1]
[cegb_penalty_split: 0]
[cegb_penalty_feature_lazy: ]
[cegb_penalty_feature_coupled: ]
[path_smooth: 0]
[interaction_constraints: ]
[verbosity: -1]
[saved_feature_importance_type: 0]
[use_quantized_grad: 0]
[num_grad_quant_bins: 4]
[quant_train_renew_leaf: 0]
[stochastic_rounding: 1]
[linear_tree: 0]
[max_bin: 255]
[max_bin_by_feature: ]
[min_data_in_bin: 3]
[bin_construct_sample_cnt: 200000]
[data_random_seed: 175]
[is_enable_sparse: 1]
[enable_bundle: 1]
[use_missing: 1]
[zero_as_missing: 0]
[feature_pre_filter: 1]
[pre_partition: 0]
[two_round: 0]
[header: 0]
[label_column: ]
[weight_column: ]
[group_column: ]
[ignore_column: ]
[categorical_feature: ]
[forcedbins_filename: ]
[precise_float_parser: 0]
[parser_config_file: ]
[objective_seed: 16083]
[num_class: 1]
[is_unbalance: 0]
[scale_pos_weight: 1]
[sigmoid: 1]
[boost_from_average: 1]
[reg_sqrt: 0]
[alpha: 0.9]
[fair_c: 1]
[poisson_max_delta_step: 0.7]
[tweedie_variance_power: 1.5]
[lambdarank_truncation_level: 30]
[lambdarank_norm: 1]
[label_gain: ]
[lambdarank_position_bias_regularization: 0]
[eval_at: ]
[multi_error_top_k: 1]
[auc_mu_weights: ]
[num_machines: 1]
[local_listen_port: 12400]
[time_out: 120]
[machine_list_filename: ]
[machines: ]
[gpu_platform_id: -1]
[gpu_device_id: -1]
[gpu_device_id_list: ]
[gpu_use_dp: 0]
[num_gpu: 1]

end of parameters

pandas_categorical:null
