tree
version=v4
num_class=1
num_tree_per_iteration=1
label_index=0
max_feature_idx=36
objective=regression
feature_names=Column_0 Column_1 Column_2 Column_3 Column_4 Column_5 Column_6 Column_7 Column_8 Column_9 Column_10 Column_11 Column_12 Column_13 Column_14 Column_15 Column_16 Column_17 Column_18 Column_19 Column_20 Column_21 Column_22 Column_23 Column_24 Column_25 Column_26 Column_27 Column_28 Column_29 Column_30 Column_31 Column_32 Column_33 Column_34 Column_35 Column_36
feature_infos=[-4.8507389635134173:4.3523650581659421] [-5.1056680809534258:4.199072483468143] [-4.8732319702962128:4.3762753875037372] [-4.8744617693459489:4.3763545032644986] [-4.8704659297182955:4.3743304259234943] [-4.8752220428068185:4.376803497502852] [-4.8783590211776113:4.3758164884865529] [-2.050271759212281:9.4060237468140535] [-4.8992882817851964:6.4555240100905875] [-3.7897443694239885:8.3192573246905734] [-4.0245978715364563:9.0083538408862243] [-3.6407165184383419:7.9031800211809058] [-4.3513254175372236:8.2662249744227339] [-4.3422379134818891:8.8128502916726159] [-1.4723083879290098:6.9577570887641107] [-1.55058756559262:5.6919023117591534] [-2.9992049692715761:3.3971065278589245] [-3.9368352133008164:5.6686014503697031] [-3.6896127433175372:4.6368325091743232] [-1.7644505802869104:3.3987309938286514] [-1.9044214071108463:2.229381949134654] [-1.2345691213161665:7.7087361064725348] [-1.2258908218724636:2.0821742903102476] [-1.5887531995006456:2.3666916266719746] [-2.0121485062029767:4.5783910031334818] [-4.4836968204969674:3.2654358906430523] [-2.5799949166541807:0.62881383904597787] [-2.2178135789241411:10.996942999895374] none [-0.20331130931980296:11.815442871327361] [-0.2129196243253387:8.8946299669273987] [-8.6541676369091931:4.4171221873014304] [-7.5837040634478994:3.6806517439669131] [-17.497867769951853:8.3074552804502755] [-6.6288318290455743:2.8156857309792636] [-5.6490362296315393:2.4713478178457051] [-12.567093939251148:11.774724228488974]
tree_sizes=1373 1373 1393 1392 1393 1380

Tree=0
num_leaves=14
num_cat=0
split_feature=35 11 23 22 30 27 16 20 11 20 8 33 22
split_gain=0.502766 0.482312 0.275855 0.876336 0.537543 0.157803 0.112042 0.108718 0.0544112 0.0526486 0.0770593 0.0161341 0.0125927
threshold=1.6591088334386062 1.2441912032567872 -0.38447504703292928 0.92223579132207456 -0.21291893445210883 -0.97260074996965606 -1.1437693011651537 -0.050771489429332226 -0.93263727506461558 0.069524375434954697 1.5413945863155969 0.015191482294849071 -0.16546523105527944
decision_type=2 2 2 2 2 2 2 2 2 2 2 2 2
left_child=1 2 5 6 -5 8 -4 -7 -1 10 12 -11 -3
right_child=-2 9 3 4 -6 7 -8 -9 -10 11 -12 -13 -14
leaf_value=0.0058662502960325612 0.0021990636669207671 0.0051435923756123917 0.0073560560856452996 0.0073046597466235102 0.013748281040300108 0.0071952085003170524 0.0060814978952743659 0.0057946486954661763 0.0044581891429334875 0.0047446898638739887 0.0062410182300233676 0.0029830155695157799 0.0038776514445700294
leaf_weight=32 30 27 68 30 20 51 607 633 102 20 22 34 35
leaf_count=32 30 27 68 30 20 51 607 633 102 20 22 34 35
internal_value=0.00586625 0.00593811 0.00609288 0.00651849 0.010239 0.00571831 0.00622035 0.00590006 0.00478825 0.00426091 0.00485617 0.00348949 0.004324
internal_weight=1711 1681 1543 725 50 818 675 684 134 138 84 54 62
internal_count=1711 1681 1543 725 50 818 675 684 134 138 84 54 62
is_linear=0
shrinkage=1


Tree=1
num_leaves=14
num_cat=0
split_feature=31 11 23 22 30 27 26 23 20 32 11 11 20
split_gain=0.464769 0.399733 0.268469 0.805318 0.526327 0.150196 0.131339 0.125077 0.102254 0.0579165 0.0533814 0.0319632 0.012466
threshold=0.42458069482641436 1.3133093004180416 -0.38447504703292928 0.92223579132207456 -0.21291893445210883 -0.98329323491982235 0.38324174039545561 -0.55713335293728949 -0.050771489429332226 0.1195612128622122 -0.93263727506461558 1.8972714703634743 0.49602789631742711
decision_type=2 2 2 2 2 2 2 2 2 2 2 2 2
left_child=1 2 5 6 -5 10 -4 -2 -7 11 -1 12 -3
right_child=7 9 3 4 -6 8 -8 -9 -10 -11 -12 -13 -14
leaf_value=0 -0.0037646853159580915 -0.00072666041199541214 0.00096107563906328074 0.0013618882575811926 0.0076764123290777204 0.0012913043877407389 5.7161855121764038e-05 -0.00079240134948744406 -6.6582696223660193e-05 -5.074564897670195e-05 -0.0014010847510590155 -0.0026929069144504244 -0.0019526720301288622
leaf_weight=32 32 41 217 31 20 51 447 28 636 23 98 35 20
leaf_count=32 32 41 217 31 20 51 447 28 636 23 98 35 20
internal_value=0 9.63248e-05 0.000229222 0.000653233 0.00418262 -0.000139226 0.000360059 -0.00252902 3.50494e-05 -0.00155356 -0.00106278 -0.00187086 -0.0012482
internal_weight=1711 1651 1532 715 51 817 664 60 687 119 130 96 61
internal_count=1711 1651 1532 715 51 817 664 60 687 119 130 96 61
is_linear=0
shrinkage=0.03


Tree=2
num_leaves=14
num_cat=0
split_feature=35 11 23 22 30 26 27 20 35 23 18 11 20
split_gain=0.450957 0.43523 0.246845 0.78942 0.482655 0.142084 0.14038 0.0968708 0.0504683 0.047808 0.0568462 0.0314096 0.010594
threshold=1.6591088334386062 1.2441912032567872 -0.38447504703292928 0.92223579132207456 -0.21291893445210883 0.055812275528092418 -0.97260074996965606 -0.050771489429332226 0.19879774396686342 0.025520773413946346 0.70854460289307497 1.5763265869827379 -0.21481130515336014
decision_type=2 2 2 2 2 2 2 2 2 2 2 2 2
left_child=1 2 6 5 -5 -4 8 -8 -1 11 12 -3 -11
right_child=-2 9 3 4 -6 -7 7 -9 -10 10 -12 -13 -14
leaf_value=-0.0012727342763773934 -0.003473265384493226 -0.0012217963745739932 0.001034020972526854 0.0013620377040722152 0.0074761582638906404 5.7558683835384552e-05 0.0012547174632135363 -6.7232704576421169e-05 0.00016454838590696452 -0.0017429171069883382 0.00032095279496001156 -0.0030473770514130587 -0.00052229407086968422
leaf_weight=112 30 33 186 30 20 489 51 633 22 36 20 27 22
leaf_count=112 30 33 186 30 20 489 51 633 22 36 20 27 22
internal_value=0 6.78958e-05 0.000215001 0.000617648 0.00414904 0.000334438 -0.000139167 3.20156e-05 -0.00101643 -0.00152521 -0.000909249 -0.00219692 -0.00137756
internal_weight=1711 1681 1543 725 50 675 818 684 134 138 78 60 58
internal_count=1711 1681 1543 725 50 675 818 684 134 138 78 60 58
is_linear=0
shrinkage=0.03


Tree=3
num_leaves=14
num_cat=0
split_feature=35 11 23 22 30 22 35 16 22 20 8 33 22
split_gain=0.426699 0.412436 0.233393 0.752167 0.45742 0.139466 0.126488 0.111393 0.0675828 0.0459774 0.0716818 0.0143665 0.0114549
threshold=1.6591088334386062 1.2441912032567872 -0.42155057667069956 0.92223579132207456 -0.21291893445210883 -0.7272979895355115 0.20290450271531726 -1.1437693011651537 -0.74387918968283506 0.069524375434954697 1.5413945863155969 0.015191482294849071 -0.16546523105527944
decision_type=2 2 2 2 2 2 2 2 2 2 2 2 2
left_child=1 2 5 7 -5 8 -7 -4 -1 10 12 -11 -3
right_child=-2 9 3 4 -6 6 -8 -9 -10 11 -12 -13 -14
leaf_value=0.00014087850693896028 -0.0033785399233456697 -0.00065927072018384929 0.0013816055363844496 0.0013248912063850598 0.00728112795625044 -0.00088116792502134823 0.00026324441281872727 0.00017924364075237595 0.0018048705010442062 -0.0010208465503326253 0.00040491229008883235 -0.0026841626006203724 -0.0018656299442273417
leaf_weight=374 30 27 77 30 20 284 118 619 21 20 22 34 35
leaf_count=374 30 27 77 30 20 284 118 619 21 20 22 34 35
internal_value=0 6.60618e-05 0.000209308 0.000590394 0.00404127 -0.000144518 -0.000538377 0.000321914 0.000249819 -0.0014847 -0.000925853 -0.0022069 -0.00144111
internal_weight=1711 1681 1543 746 50 797 402 696 395 138 84 54 62
internal_count=1711 1681 1543 746 50 797 402 696 395 138 84 54 62
is_linear=0
shrinkage=0.03


Tree=4
num_leaves=14
num_cat=0
split_feature=35 11 23 22 30 26 22 35 20 20 8 22 35
split_gain=0.403797 0.390891 0.220665 0.711 0.433486 0.133767 0.122309 0.107483 0.0653773 0.0434015 0.0680833 0.0105512 0.00342896
threshold=1.6591088334386062 1.2441912032567872 -0.38447504703292928 0.92223579132207456 -0.21291893445210883 0.055812275528092418 -0.7272979895355115 0.2511826763399187 -0.050771489429332226 0.069524375434954697 1.5413945863155969 -0.16546523105527944 0.1836704406178275
decision_type=2 2 2 2 2 2 2 2 2 2 2 2 2
left_child=1 2 6 5 -5 -4 8 -8 -1 10 11 -3 -11
right_child=-2 9 3 4 -6 -7 7 -9 -10 12 -12 -13 -14
leaf_value=0.0011778024589052776 -0.0032863979160955006 -0.00064147041141986844 0.00099438371377099039 0.0012887577886947176 0.0070911854201036947 4.6978823988000637e-05 -0.00072117473967373371 0.0004617158740043773 7.404610284915705e-05 -0.0025324982222975105 0.00039422259444370867 -0.0018140796509289524 -0.0011191607391380744
leaf_weight=55 30 27 186 30 20 489 342 81 340 34 22 35 20
leaf_count=55 30 27 186 30 20 489 342 81 340 34 22 35 20
internal_value=0 6.44898e-05 0.000203989 0.000584723 0.00393634 0.000315711 -0.000130707 -0.000485965 0.000242991 -0.00144515 -0.000900271 -0.00140276 -0.00214813
internal_weight=1711 1681 1543 725 50 675 818 423 395 138 84 62 54
internal_count=1711 1681 1543 725 50 675 818 423 395 138 84 62 54
is_linear=0
shrinkage=0.03


Tree=5
num_leaves=14
num_cat=0
split_feature=35 11 23 22 30 27 26 20 11 33 24 11 15
split_gain=0.382115 0.370653 0.209328 0.698827 0.391189 0.125147 0.124684 0.0857349 0.0470596 0.0419032 0.0652108 0.0377666 0.0083252
threshold=1.6591088334386062 1.2262361859664277 -0.42155057667069956 0.92223579132207456 -0.21291893445210883 -0.97260074996965606 0.055812275528092418 -0.050771489429332226 -0.93263727506461558 0.015191207838437746 -0.16292620014656103 1.7019950790225971 0.19696725096501574
decision_type=2 2 2 2 2 2 2 2 2 2 2 2 2
left_child=1 2 5 6 -5 8 -4 -7 -1 10 -3 12 -11
right_child=-2 9 3 4 -6 7 -8 -9 -10 11 -12 -13 -14
leaf_value=0 -0.0031967689360237932 -0.0015288071805103257 0.00096502570806455512 0.0013183743074038146 0.006906198255393816 0.0011818044903694599 5.4789900252323982e-05 -6.3508505392283215e-05 -0.0012667621659530725 -0.00039359288804233076 0.00036103430341463542 -0.0027391022609716113 -0.0014767230913092038
leaf_weight=32 30 30 186 29 20 51 508 609 102 22 27 30 35
leaf_count=32 30 30 186 29 20 51 508 609 102 22 27 30 35
internal_value=0 6.29133e-05 0.00020189 0.000563563 0.00392366 -0.000133635 0.000306151 3.31074e-05 -0.000959541 -0.00137391 -0.000610327 -0.00180384 -0.00114925
internal_weight=1711 1681 1537 743 49 794 694 660 134 144 57 87 57
internal_count=1711 1681 1537 743 49 794 694 660 134 144 57 87 57
is_linear=0
shrinkage=0.03


end of trees

feature_importances:
Column_11=12
Column_22=12
Column_20=10
Column_35=9
Column_23=8
Column_30=6
Column_26=4
Column_27=4
Column_8=3
Column_33=3
Column_16=2
Column_15=1
Column_18=1
Column_24=1
Column_31=1
Column_32=1

parameters:
[boosting: gbdt]
[objective: regression]
[metric: l2]
[tree_learner: serial]
[device_type: cpu]
[data_sample_strategy: bagging]
[data: ]
[valid: ]
[num_iterations: 200]
[learning_rate: 0.03]
[num_leaves: 31]
[num_threads: 40]
[seed: 42]
[deterministic: 0]
[force_col_wise: 0]
[force_row_wise: 0]
[histogram_pool_size: -1]
[max_depth: 5]
[min_data_in_leaf: 20]
[min_sum_hessian_in_leaf: 0.001]
[bagging_fraction: 0.8]
[pos_bagging_fraction: 1]
[neg_bagging_fraction: 1]
[bagging_freq: 0]
[bagging_seed: 400]
[bagging_by_query: 0]
[feature_fraction: 0.8]
[feature_fraction_bynode: 1]
[feature_fraction_seed: 30056]
[extra_trees: 0]
[extra_seed: 12879]
[early_stopping_round: 0]
[early_stopping_min_delta: 0]
[first_metric_only: 0]
[max_delta_step: 0]
[lambda_l1: 0.1]
[lambda_l2: 3]
[linear_lambda: 0]
[min_gain_to_split: 0]
[drop_rate: 0.1]
[max_drop: 50]
[skip_drop: 0.5]
[xgboost_dart_mode: 0]
[uniform_drop: 0]
[drop_seed: 17869]
[top_rate: 0.2]
[other_rate: 0.1]
[min_data_per_group: 100]
[max_cat_threshold: 32]
[cat_l2: 10]
[cat_smooth: 10]
[max_cat_to_onehot: 4]
[top_k: 20]
[monotone_constraints: ]
[monotone_constraints_method: basic]
[monotone_penalty: 0]
[feature_contri: ]
[forcedsplits_filename: ]
[refit_decay_rate: 0.9]
[cegb_tradeoff: 1]
[cegb_penalty_split: 0]
[cegb_penalty_feature_lazy: ]
[cegb_penalty_feature_coupled: ]
[path_smooth: 0]
[interaction_constraints: ]
[verbosity: -1]
[saved_feature_importance_type: 0]
[use_quantized_grad: 0]
[num_grad_quant_bins: 4]
[quant_train_renew_leaf: 0]
[stochastic_rounding: 1]
[linear_tree: 0]
[max_bin: 255]
[max_bin_by_feature: ]
[min_data_in_bin: 3]
[bin_construct_sample_cnt: 200000]
[data_random_seed: 175]
[is_enable_sparse: 1]
[enable_bundle: 1]
[use_missing: 1]
[zero_as_missing: 0]
[feature_pre_filter: 1]
[pre_partition: 0]
[two_round: 0]
[header: 0]
[label_column: ]
[weight_column: ]
[group_column: ]
[ignore_column: ]
[categorical_feature: ]
[forcedbins_filename: ]
[precise_float_parser: 0]
[parser_config_file: ]
[objective_seed: 16083]
[num_class: 1]
[is_unbalance: 0]
[scale_pos_weight: 1]
[sigmoid: 1]
[boost_from_average: 1]
[reg_sqrt: 0]
[alpha: 0.9]
[fair_c: 1]
[poisson_max_delta_step: 0.7]
[tweedie_variance_power: 1.5]
[lambdarank_truncation_level: 30]
[lambdarank_norm: 1]
[label_gain: ]
[lambdarank_position_bias_regularization: 0]
[eval_at: ]
[multi_error_top_k: 1]
[auc_mu_weights: ]
[num_machines: 1]
[local_listen_port: 12400]
[time_out: 120]
[machine_list_filename: ]
[machines: ]
[gpu_platform_id: -1]
[gpu_device_id: -1]
[gpu_device_id_list: ]
[gpu_use_dp: 0]
[num_gpu: 1]

end of parameters

pandas_categorical:null
