tree
version=v4
num_class=1
num_tree_per_iteration=1
label_index=0
max_feature_idx=33
objective=regression
feature_names=Column_0 Column_1 Column_2 Column_3 Column_4 Column_5 Column_6 Column_7 Column_8 Column_9 Column_10 Column_11 Column_12 Column_13 Column_14 Column_15 Column_16 Column_17 Column_18 Column_19 Column_20 Column_21 Column_22 Column_23 Column_24 Column_25 Column_26 Column_27 Column_28 Column_29 Column_30 Column_31 Column_32 Column_33
feature_infos=[-5.0304523604592388:5.3563696017003632] [-5.2057529124659299:5.1672659307545548] [-5.0310137167335309:5.3575706165017865] [-5.0301661812529312:5.3558895979690844] [-5.0299768490537771:5.3553558256726346] [-5.031366280760964:5.35256132791356] [-5.0381050760526271:5.3599133257631717] [-1.5405263788264141:7.9824134611081297] [-5.8703442977474101:4.3159447071588737] [-5.2961131939535679:4.4985554622694259] [-4.4167901709997022:4.3630469193156873] [-4.006005770902509:3.1602119979398564] [-5.5056622535206632:4.5810468740096075] [-4.6709141788199098:4.2357395527330803] [-2.1268997709303554:4.1558270302454225] [-1.943629684250729:3.5871542358839625] [-3.2274843793389594:3.1825783114830175] [-4.1192425564119031:3.4911512202095865] [-2.4787861226619974:5.2804584617981476] [-4.7329774529966659:1.2002679518462573] [-1.7248043132197695:3.4544272558130946] [-1.9213557276104094:2.3569494704058904] [-1.2354343507881185:7.5713606851866002] [-1.3351699092740363:2.2607938400268064] [-2.6008389192893526:1.8972648879364395] none [-0.20664247365332258:14.340300286867418] [-0.30445507883869355:8.142992204068058] [-7.4085500417790211:7.2694952218738838] [-5.5592265245860109:5.575593259730633] [-17.153409689124373:15.969847003978826] [-4.2203773390818213:4.4362397891904806] [-3.5929986833181942:3.9675729763502692] [-4.8282924677214414:14.277824089256026]
tree_sizes=1089 1484 1746 1654 1652 1830 1578 1024 1855 1854 1852 1749 1542 1673

Tree=0
num_leaves=11
num_cat=0
split_feature=23 20 23 24 22 23 26 24 11 20
split_gain=17.5022 2.26057 3.71878 1.63644 1.26911 1.17035 0.82651 0.5917 0.263718 0.244945
threshold=-0.79943224528473789 1.7425621176349384 1.6003203132810471 -0.74292647717435334 -0.94746237110543163 -0.63595701083831868 -0.20660645356870697 -1.2807432367339593 0.16620277114360657 -1.3168785775245608
decision_type=2 2 2 2 2 2 2 2 2 2
left_child=3 2 4 -1 5 -2 -4 -6 -3 -5
right_child=1 8 6 9 7 -7 -8 -9 -10 -11
leaf_value=0.037817508836032465 0.042833942804695768 0.042158082739852429 0.037867565027244358 0.042599288559134696 0.034890682884029689 0.037977858063674451 0.030994836739763887 0.037139826634340962 0.038419703771348686 0.046758262204711187
leaf_weight=21 60 78 20 27 122 149 110 826 22 205
leaf_count=21 60 78 20 27 122 149 110 826 22 205
internal_value=0.0384197 0.0370921 0.0367515 0.0456281 0.037304 0.0394005 0.0319933 0.036837 0.0413669 0.0463465
internal_weight=1640 1387 1287 253 1157 209 130 948 100 232
internal_count=1640 1387 1287 253 1157 209 130 948 100 232
is_linear=0
shrinkage=1


Tree=1
num_leaves=15
num_cat=0
split_feature=21 19 32 23 29 19 20 11 20 21 26 19 21 26
split_gain=18.3068 3.12246 1.97253 1.46632 1.39827 0.805574 0.700684 0.637738 0.598473 0.550516 0.522049 0.360916 0.304947 0.0919812
threshold=-1.1471315966020976 0.35371346315209806 0.30829675018524144 1.9527625991685988 0.19657232389603688 0.98252177800780638 2.5340585080452107 -0.086589588283162461 -0.092087962479269495 0.34396672978428039 -0.12497366746332833 -0.38802951741802344 -0.65392215018198807 -0.20663411014617505
decision_type=2 2 2 2 2 2 2 2 2 2 2 2 2 2
left_child=11 2 4 5 6 9 -2 8 -4 -3 -9 -1 -6 -7
right_child=1 3 7 -5 12 13 -8 10 -10 -11 -12 -13 -14 -15
leaf_value=0.0079073020182053241 -0.0011358097672775835 -0.0019329528366607473 -0.00046300266295050581 -0.0071834534624619266 -0.0015792897455191805 -0.0012111458052282355 0.0032175498145657613 -0.00028369061658861287 0.0039827820117585358 -0.0042031470673531291 0.0032610688368056684 0.003109084061933502 -0.0064575272641248177 0.00037251703394595808
leaf_weight=222 314 218 33 64 20 53 34 176 117 197 44 23 51 74
leaf_count=222 314 218 33 64 20 53 34 176 117 197 44 23 51 74
internal_value=0 -0.00133228 -8.24206e-05 -0.00294621 -0.0014906 -0.00240358 -0.000678069 0.00150337 0.0029952 -0.00304022 0.000446142 0.00751201 -0.00524365 -0.000278003
internal_weight=1640 1395 789 606 419 542 348 370 150 415 220 245 71 127
internal_count=1640 1395 789 606 419 542 348 370 150 415 220 245 71 127
is_linear=0
shrinkage=0.03


Tree=2
num_leaves=18
num_cat=0
split_feature=21 19 32 28 28 20 11 20 19 11 28 27 32 19 20 27 20
split_gain=17.2469 2.94261 1.85956 1.23856 1.2256 0.661029 0.602312 0.65598 0.596807 0.528349 0.465548 0.429793 0.428832 0.33608 0.117044 0.0869217 0.00019667
threshold=-1.1471315966020976 0.35371346315209806 0.30829675018524144 0.18048021738002637 0.18047480669100344 2.5340585080452107 0.081653344374532658 -0.092087962479269495 0.98252177800780638 -0.47395839696245895 0.20995457951400615 -0.26156510906764774 0.30165105253701924 -0.38802951741802344 -0.85314263067273777 -0.30435001742512857 -1.243817205508416
decision_type=2 2 2 2 2 2 2 2 2 2 2 2 2 2 2 2 2
left_child=13 2 3 5 8 -2 7 -4 9 -3 -8 -5 -6 16 -14 -10 -1
right_child=1 4 6 11 12 -7 10 -9 15 -11 -12 -13 14 -15 -16 -17 -18
leaf_value=0.0046960142366588116 -0.0011027142274639256 -0.0010311578457418364 -0.00058797651135163111 -0.0061426053885686198 -0.0074742758401802603 0.0031288498352608969 -0.00042393737073744762 0.003718968442947107 -0.0011909344369545579 -0.0036138238766317272 0.0031161355237875666 -0.00074323262090025387 -0.0044750059989976214 0.0030265737874970696 -0.0017135328710137399 0.00035204839144045344 0.0078959607192698646
leaf_weight=21 309 117 39 56 53 34 158 134 52 212 39 20 68 23 29 75 201
leaf_count=21 309 117 39 56 53 34 158 134 52 212 39 20 68 23 29 75 201
internal_value=0 -0.00129344 -8e-05 -0.00144736 -0.00286021 -0.000651097 0.00145959 0.00273752 -0.00205175 -0.00272202 0.000298119 -0.00484187 -0.00520992 0.00729101 -0.00375558 -0.000269551 0.00767325
internal_weight=1640 1395 789 419 606 343 370 173 456 329 197 76 150 245 97 127 222
internal_count=1640 1395 789 419 606 343 370 173 456 329 197 76 150 245 97 127 222
is_linear=0
shrinkage=0.03


Tree=3
num_leaves=17
num_cat=0
split_feature=21 19 32 23 29 19 20 26 11 26 19 21 26 31 27 27
split_gain=16.2586 2.77549 1.75267 1.31534 1.24958 0.71369 0.625388 0.575755 0.565136 0.518306 0.313306 0.27184 0.0821117 0.0159571 0.018474 0.00561383
threshold=-1.1471315966020976 0.35371346315209806 0.30829675018524144 1.9527625991685988 0.19657232389603688 0.98252177800780638 2.5340585080452107 -0.071240624898947266 -0.31656470275622489 -0.20664247365331576 -0.38802951741802344 -0.65392215018198807 -0.20663411014617505 0.044503000179200412 -0.30445507883869222 -0.26575943043614919
decision_type=2 2 2 2 2 2 2 2 2 2 2 2 2 2 2 2
left_child=10 2 4 5 6 9 -2 8 -4 -3 13 -6 -7 -1 -15 -9
right_child=1 3 7 -5 11 12 -8 15 -10 -11 -12 -13 -14 14 -16 -17
leaf_value=0.0090900295940312473 -0.0010694597077240172 0.0014651327505707738 0.0028293495837830589 -0.006791784841845284 -0.0014834888628253752 -0.0011437704694856488 0.0030425949816126376 0.0022863261323908101 7.7708838117726031e-07 -0.0031104167715334903 0.0029462531539611514 -0.0061005236175325182 0.00035162695881066992 0.0072689829283035714 0.0048910833435214084 0.0044532053768634797
leaf_weight=52 314 21 88 64 20 53 34 20 218 394 23 51 74 127 43 44
leaf_count=52 314 21 88 64 20 53 34 20 218 394 23 51 74 127 43 44
internal_value=0 -0.00125619 -7.76042e-05 -0.00277783 -0.00140519 -0.00226357 -0.000636589 0.00141697 0.000843503 -0.00286285 0.00707868 -0.00495336 -0.000261353 0.00744849 0.0067801 0.00395352
internal_weight=1640 1395 789 606 419 542 348 370 306 415 245 71 127 222 170 64
internal_count=1640 1395 789 606 419 542 348 370 306 415 245 71 127 222 170 64
is_linear=0
shrinkage=0.03


Tree=4
num_leaves=17
num_cat=0
split_feature=21 19 23 31 19 26 19 33 23 21 19 19 23 27 26 27
split_gain=15.3359 2.61553 1.24222 1.12733 0.782662 1.0794 0.671228 0.668116 0.552812 0.502535 0.314059 0.29272 0.198145 0.0776032 0.0150119 0.0151695
threshold=-1.1471315966020976 0.35371346315209806 1.9527625991685988 0.25129136636502741 0.17495844574744596 -0.20663076039534692 0.98252177800780638 0.013037663424687276 1.6003203132810471 0.34396672978428039 -0.072061462360620332 -0.38802951741802344 1.4553138490589099 -0.30435001742512857 -0.14961010036339892 -0.30445507883869222
decision_type=2 2 2 2 2 2 2 2 2 2 2 2 2 2 2 2
left_child=11 3 6 7 10 -6 9 8 -2 -3 -5 14 -9 -8 15 -1
right_child=1 2 -4 4 5 -7 13 12 -10 -11 -12 -13 -14 -15 -16 -17
leaf_value=0.0070559456816086394 -0.0011964060856798598 -0.0017220285384356344 -0.0065971547549785068 0.0012657767536036052 0.0021949206607007402 -0.0026696833920233495 -0.0011247137214819138 0.00026416198713039712 -0.0055701911028089197 -0.0038863092750683428 0.0039932177134378013 0.0028680641031465851 0.0034380190526616984 0.00033232523330102245 0.008833125436305999 0.0047528176165145377
leaf_weight=127 360 218 64 83 79 79 52 53 26 197 83 23 26 75 52 43
leaf_count=127 360 218 64 83 79 79 52 53 26 197 83 23 26 75 52 43
internal_value=0 -0.00121872 -0.00269586 -7.44853e-05 0.00127322 -0.000223171 -0.0021959 -0.00102208 -0.00153941 -0.00277711 0.00269393 0.00687619 0.00143287 -0.000253368 0.00723433 0.00658325
internal_weight=1640 1395 606 789 324 158 542 465 386 415 166 245 79 127 222 170
internal_count=1640 1395 606 789 324 158 542 465 386 415 166 245 79 127 222 170
is_linear=0
shrinkage=0.03


Tree=5
num_leaves=19
num_cat=0
split_feature=21 19 29 23 20 20 26 11 19 26 23 19 19 26 30 26 27 27
split_gain=14.4676 2.47099 1.22718 1.22502 2.02262 0.971923 0.576729 0.464917 0.398977 0.499012 0.36327 0.273428 0.212114 0.0733057 0.0270816 0.0138438 0.0119544 0.00596056
threshold=-1.1471315966020976 0.3748033059428118 0.19656349171616649 1.0000000180025095e-35 1.7425621176349384 -0.47261529657599205 -0.071240624898947266 -0.31656470275622489 0.98252177800780638 -0.20664247262275612 1.9527625991685988 -0.38802951741802344 0.27852490915669931 -0.20663411014617505 -0.0075929996534610479 -0.14961010036339892 -0.30445507883869222 -0.26575943043614919
decision_type=2 2 2 2 2 2 2 2 2 2 2 2 2 2 2 2 2 2
left_child=11 3 8 6 5 -5 7 -2 9 -3 14 15 -6 -10 -4 16 -1 -8
right_child=1 2 10 4 12 -7 17 -9 13 -11 -12 -13 -14 -15 -16 -17 -18 -19
leaf_value=0.0068491521481138006 0.0029523267014330487 -0.00059491322844940216 -0.0026618419688587127 -0.00020977312462674752 0 -0.003317318117878853 0.0021367420858663059 -7.9925141084547153e-06 -0.0010801422835128114 -0.0034427111381352344 -0.0071657823797153389 0.0027919501960993955 0.0033139705858761218 0.00033190782954719812 -0.0042032232075929644 0.0085825855591080396 0.0046195321296868116 0.0042159866408464763
leaf_weight=127 57 95 54 152 21 231 20 224 53 146 43 23 79 74 102 52 43 44
leaf_count=127 57 95 54 152 21 231 20 224 53 146 43 23 79 74 102 52 43 44
internal_value=0 -0.00118288 -0.00270331 -0.000132113 -0.00110783 -0.00210302 0.00122305 0.000606779 -0.00164204 -0.00235355 -0.00459747 0.00667952 0.00262485 -0.000245624 -0.00374883 0.00702636 0.00639242 0.00373577
internal_weight=1640 1395 567 828 483 383 345 281 368 241 199 245 100 127 156 222 170 64
internal_count=1640 1395 567 828 483 383 345 281 368 241 199 245 100 127 156 222 170 64
is_linear=0
shrinkage=0.03


Tree=6
num_leaves=16
num_cat=0
split_feature=21 19 32 23 29 19 20 20 28 26 19 21 26 27 32
split_gain=13.6491 2.33475 1.48491 1.11383 1.10559 0.596041 0.532903 0.506922 0.598958 0.453373 0.255348 0.247679 0.143554 0.0692883 0.0140339
threshold=-1.1471315966020976 0.35371346315209806 0.30829675018524144 1.9527625991685988 0.19657232389603688 0.98252177800780638 2.5340585080452107 -0.40259801936304895 0.18047328299200113 -0.20664247365331576 -0.38802951741802344 -0.65392215018198807 -0.1563385314674241 -0.30435001742512857 -0.11531634226933909
decision_type=2 2 2 2 2 2 2 2 2 2 2 2 2 2 2
left_child=10 2 4 5 6 9 -2 12 -9 -3 14 -6 -4 -7 -1
right_child=1 3 7 -5 11 13 -8 8 -10 -11 -12 -13 -14 -15 -16
leaf_value=0.0084047445505857476 -0.00096643002469139715 0.0014212109493091699 -0.00087410953124251924 -0.0062389411138954447 -0.0013270398538316719 -0.0010621759798462417 0.0028285449517488075 -9.4026079641844264e-05 0.0030378267680855717 -0.002849759977299313 0.0027178560827070702 -0.0057193703047103348 0.0014392823664966272 0.00031370775811284641 0.0062240934141657564
leaf_weight=49 314 21 91 64 20 52 34 77 173 394 23 51 29 75 173
leaf_count=49 314 21 91 64 20 52 34 77 173 394 23 51 29 75 173
internal_value=5.492e-07 -0.00114825 -6.69746e-05 -0.00254385 -0.00128927 -0.00207008 -0.000566103 0.00130838 0.00207168 -0.00261781 0.00648851 -0.00462659 -0.000269181 -0.000238081 0.00682439
internal_weight=1640 1395 789 606 419 542 348 370 250 415 245 71 120 127 222
internal_count=1640 1395 789 606 419 542 348 370 250 415 245 71 120 127 222
is_linear=0
shrinkage=0.03


Tree=7
num_leaves=10
num_cat=0
split_feature=21 20 23 21 24 26 20 21 23
split_gain=12.8695 1.60198 2.48956 1.32236 0.825119 0.609783 0.462099 0.195974 0.191668
threshold=-1.1471315966020976 1.7425621176349384 1.6003203132810471 0.35543671691032924 0.47938434000657154 -0.20660645356870697 -0.64613489383708578 -1.4568212490054222 1.7199987633485971
decision_type=2 2 2 2 2 2 2 2 2
left_child=7 2 3 4 -2 -4 -5 -1 -3
right_child=1 8 5 6 -6 -7 -8 -9 -10
leaf_value=0.0068505569049157203 -0.0010855920949614235 0 -0.00026613867515160288 -0.0040089385072485757 0.00095144623868284866 -0.0061521835793963567 -0.0016595855063908749 0.004140867136103117 0.0031383153097476902
leaf_weight=189 383 21 20 101 330 110 351 56 79
leaf_count=189 383 21 20 101 330 110 351 56 79
internal_value=8.754e-07 -0.00111458 -0.00139981 -0.000950026 -0.000138557 -0.00529562 -0.00221412 0.00630088 0.00248318
internal_weight=1640 1395 1295 1165 713 130 452 245 100
internal_count=1640 1395 1295 1165 713 130 452 245 100
is_linear=0
shrinkage=0.03


Tree=8
num_leaves=19
num_cat=0
split_feature=21 19 32 29 29 11 33 26 19 26 32 19 29 21 22 27 32 27
split_gain=12.1261 2.1126 1.64082 1.19597 1.09853 0.510535 0.432262 0.360813 0.346792 0.459603 0.306727 0.230276 0.207695 0.196321 0.0900476 0.0652684 0.0232978 0.0477169
threshold=-1.1471315966020976 0.3748033059428118 0.30829675018524144 0.19657232389603688 0.19656349171616649 0.081653344374532658 0.013037663424687276 -0.12497366746332833 0.98252177800780638 -0.20664247262275612 0.30941591860610679 -0.38802951741802344 0.19656345820751023 -0.65392215018198807 -1.0037396777064043 -0.30435001742512857 -0.019812530854907646 -0.30445507883869222
decision_type=2 2 2 2 2 2 2 2 2 2 2 2 2 2 2 2 2 2
left_child=11 2 3 6 8 12 -2 -7 9 -3 -6 16 -4 -5 -12 -10 -1 -18
right_child=1 4 5 13 10 7 -8 -9 15 -11 14 -13 -14 -15 -16 -17 17 -19
leaf_value=0.0078477873635494112 -0.0011117351263898107 -0.00046316571522572985 -0.00032335610431808793 -0.0012641016352597787 -0.0061565784837584944 -0.00042614879974298559 0.0013656135574863406 0.0026906460520944421 -0.00098497692086860883 -0.0031913029835528173 -0.0013920371759562722 0.0025358360779400052 0.0027323879693506351 -0.0050851457482576374 -0.0037279449517682059 0.00035253114979535055 0.0062671075632938968 0.003908181633268084
leaf_weight=56 269 95 20 20 61 158 79 39 52 146 28 23 171 72 110 75 127 39
leaf_count=56 269 95 20 20 61 158 79 39 52 146 28 23 171 72 110 75 127 39
internal_value=8.15427e-07 -0.00108189 -0.00011008 -0.00136314 -0.00248772 0.0013028 -0.000533936 0.000206986 -0.00148402 -0.00214711 -0.00427937 0.0061162 0.0023969 -0.00435221 -0.00331497 -0.000182125 0.00643505 0.00580987
internal_weight=1640 1395 828 440 567 388 348 197 368 241 199 245 191 92 138 127 222 166
internal_count=1640 1395 828 440 567 388 348 197 368 241 199 245 191 92 138 127 222 166
is_linear=0
shrinkage=0.03


Tree=9
num_leaves=19
num_cat=0
split_feature=21 19 32 29 29 28 33 19 28 32 27 19 21 22 14 26 32 30
split_gain=11.4423 1.99241 1.5466 1.13015 1.03671 0.426248 0.413273 0.326701 0.432703 0.288866 0.264004 0.214955 0.194882 0.0838613 0.0691464 0.0616905 0.0224522 0.0073365
threshold=-1.1471315966020976 0.3748033059428118 0.30829675018524144 0.19657379313374865 0.19656349171616649 0.18047326138071892 0.013037663424687276 0.98252177800780638 0.18047328051181613 0.30941591860610679 -0.27127839728956171 -0.38802951741802344 -0.65392215018198807 -1.0037396777064043 -0.24199303260460273 -0.20663411014617505 -0.11531634226933909 -0.0075841138816808299
decision_type=2 2 2 2 2 2 2 2 2 2 2 2 2 2 2 2 2 2
left_child=11 2 3 6 7 14 -2 8 -3 -6 -7 16 -5 -11 -4 -9 -1 -18
right_child=1 4 5 12 9 10 -8 15 -10 13 -12 -13 -14 -15 -16 -17 17 -19
leaf_value=0.0077563279746816717 -0.0010927861737485298 -0.0031066102703680861 0.00064701056314307997 -0.0012311250470659655 -0.0059805388581007715 0.0013493372037061764 0.0013261439984369023 -0.00094568266357444885 -0.00046280951118520035 -0.0013543174688614183 0.0037731532592256119 0.0024685389143056596 -0.0050459178046633798 -0.0036190756959923074 -0.0011051587438014392 0.00035097788641979166 0.0060507494143760988 0.0039993040194468837
leaf_weight=49 272 145 25 20 61 252 79 53 96 28 50 23 69 110 61 74 134 39
leaf_count=49 272 145 25 20 61 252 79 53 96 28 50 23 69 110 61 74 134 39
internal_value=7.67576e-07 -0.00105091 -0.00010704 -0.00132369 -0.00241618 0.00126456 -0.000533255 -0.00144078 -0.00208441 -0.0041569 0.00179363 0.00594127 -0.00428937 -0.00321943 -0.000557459 -0.000176407 0.00625001 0.00568138
internal_weight=1640 1395 828 440 567 388 351 368 241 199 302 245 89 138 86 127 222 173
internal_count=1640 1395 828 440 567 388 351 368 241 199 302 245 89 138 86 127 222 173
is_linear=0
shrinkage=0.03


Tree=10
num_leaves=19
num_cat=0
split_feature=21 19 32 29 29 20 28 20 19 28 23 19 21 27 24 27 32 27
split_gain=10.7971 1.87945 1.45839 1.06769 0.978375 0.48331 0.508837 0.460953 0.307783 0.407196 0.272439 0.20062 0.172306 0.126326 0.0666195 0.0582592 0.0216081 0.0406905
threshold=-1.1471315966020976 0.3748033059428118 0.30829675018524144 0.19657232389603688 0.19656349171616649 -0.40259801936304895 0.18047328299200113 1.9840698536351267 0.98252177800780638 0.18047328051181613 1.9527625991685988 -0.38802951741802344 -0.65392215018198807 -0.29874858442744651 1.0660935322534117 -0.30435001742512857 -0.019812530854907646 -0.30445507883869222
decision_type=2 2 2 2 2 2 2 2 2 2 2 2 2 2 2 2 2 2
left_child=11 2 3 7 8 13 -7 -2 9 -3 14 16 -5 -4 -6 -10 -1 -18
right_child=1 4 5 12 10 6 -8 -9 15 -11 -12 -13 -14 -15 -16 -17 17 -19
leaf_value=0.0074147527571451861 -0.0009176433101795216 -0.0030153010559545177 -0.00092904821519770625 -0.0011990087628364564 -0.0037138100473069345 -9.0743758146709293e-05 0.0027513542588969413 0.0023233589477837085 -0.00093021639809859054 -0.00044934596244120527 -0.0062769716744837554 0.0024030276548403957 -0.0047981149068474773 0.0011760249992832541 -0.0018368564918204101 0.00033273632654891116 0.0059060993616397561 0.0036805751584470274
leaf_weight=56 306 145 88 20 116 77 191 42 52 96 43 23 72 32 40 75 127 39
leaf_count=56 306 145 88 20 116 77 191 42 52 96 43 23 72 32 40 75 127 39
internal_value=8.41918e-07 -0.0010207 -0.00010387 -0.00128541 -0.00234671 0.00122793 0.00193175 -0.000501426 -0.00139881 -0.00202356 -0.00403796 0.00577148 -0.00410985 -0.000328313 -0.00329515 -0.000170834 0.00607043 0.0054756
internal_weight=1640 1395 828 440 567 388 268 348 368 241 199 245 92 120 156 127 222 166
internal_count=1640 1395 828 440 567 388 268 348 368 241 199 245 92 120 156 127 222 166
is_linear=0
shrinkage=0.03


Tree=11
num_leaves=18
num_cat=0
split_feature=21 19 32 28 19 11 19 33 28 21 27 19 33 30 27 27 27
split_gain=10.1887 1.77282 1.37399 0.952168 0.921555 0.459236 0.453306 0.375721 0.335227 0.312297 0.28007 0.187174 0.157649 0.0550654 0.0289636 0.0208632 0.0115916
threshold=-1.1471315966020976 0.3748033059428118 0.30829675018524144 0.18048021738002637 0.39950681510083186 -0.086589588283162461 0.98252177800780638 0.013037663424687276 0.20995457951400615 0.30955676840613316 -0.26156510906764774 -0.38802951741802344 -0.027805671409031247 -0.0075290437632488565 -0.30439781873578969 -0.21683611746275208 -0.30445507883869222
decision_type=2 2 2 2 2 2 2 2 2 2 2 2 2 2 2 2 2
left_child=11 2 3 7 14 12 9 -2 -7 -6 -5 15 -4 -8 -3 16 -1
right_child=1 4 5 10 6 8 13 -9 -10 -11 -12 -13 -14 -15 -16 -17 -18
leaf_value=0.0057330053841838464 -0.0010306042797684938 -0.0037269248093696351 0.0027287396328352694 -0.0046293119011446828 -0.0012539835242864519 -0.00031514232397221242 -0.00089309711471599119 0.0012835082831769817 0.0025251075539817198 -0.0031181986875002091 -0.00041686822307984467 0.0023392551373690364 0 0.00033126558959801599 -0.0061009437389995735 0.00727484206665646 0.0038081563565394152
leaf_weight=127 264 44 144 77 163 176 53 79 44 190 20 23 24 74 43 52 43
leaf_count=127 264 44 144 77 163 176 53 79 44 190 20 23 24 74 43 52 43
internal_value=6.97841e-07 -0.0009916 -0.000101044 -0.00124798 -0.00227945 0.00119153 -0.00173391 -0.000482438 0.000265783 -0.00228363 -0.00382933 0.00560646 0.00236035 -0.000165431 -0.00509788 0.00589592 0.00533795
internal_weight=1640 1395 828 440 567 388 480 343 220 353 97 245 168 127 87 222 170
internal_count=1640 1395 828 440 567 388 480 343 220 353 97 245 168 127 87 222 170
is_linear=0
shrinkage=0.03


Tree=12
num_leaves=16
num_cat=0
split_feature=26 24 28 22 26 20 28 27 11 31 20 15 33 15 32
split_gain=4.88131 1.76069 2.02277 1.90228 1.42132 1.19607 0.749268 0.78018 0.491523 0.362481 0.287401 0.247826 0.149621 0.0959052 0.0868068
threshold=-0.20664247365332239 0.18602974388314616 0.18048136920147723 0.14575363695232921 -0.18812200671394444 1.7425621176349384 0.19419053335280897 -0.30445503987462286 -0.54294303991888204 1.0000000180025095e-35 -0.64613489383708578 -0.090136043674416563 -0.049556768696858329 -0.49449873859182186 0.30040989594957862
decision_type=2 2 2 2 2 2 2 2 2 2 2 2 2 2 2
left_child=13 2 5 6 11 8 7 -3 -2 -4 -8 -5 -7 -1 -11
right_child=1 3 9 4 -6 12 10 -9 -10 14 -12 -13 -14 -15 -16
leaf_value=0.0032123534553817339 0.00019358352484984221 0.0022887662648329332 -0.00040599340706577768 0.0022309761854953001 0.0065495813970143603 0 0 -0.0011804680533611257 -0.0018831009258525968 -0.0056355443240440999 0.0034804079051492577 -0.00072099645699009941 0.0028218011399618833 0.0060122480641763938 -0.0033495992339163455
leaf_weight=32 140 64 20 53 69 20 31 435 352 94 56 43 80 101 50
leaf_count=32 140 64 20 53 69 20 31 435 352 94 56 43 80 101 50
internal_value=8.61533e-07 -0.00048761 -0.00150793 0.000537439 0.00335321 -0.000675639 -0.000263345 -0.000718521 -0.00128852 -0.00442823 0.00225097 0.000896655 0.00226032 0.00544637 -0.00494678
internal_weight=1640 1507 756 751 165 592 586 499 492 164 87 96 100 133 144
internal_count=1640 1507 756 751 165 592 586 499 492 164 87 96 100 133 144
is_linear=0
shrinkage=0.03


Tree=13
num_leaves=17
num_cat=0
split_feature=21 19 32 29 29 11 20 20 26 19 26 32 21 20 29 24
split_gain=9.09717 1.6565 1.21665 0.923547 0.856865 0.431488 0.394091 0.362856 0.29915 0.267701 0.36096 0.226701 0.152976 0.103533 0.0513795 0.043461
threshold=-1.1930115451062939 0.3748033059428118 0.30829675018524144 0.19657379313374865 0.19656349171616649 -0.086589588283162461 1.9840698536351267 -0.092087962479269495 -0.12497366746332833 0.98252177800780638 -0.20664247285588991 0.30941591860610679 -0.65392215018198807 -1.3168785775245608 0.19644833542347859 1.0660935322534117
decision_type=2 2 2 2 2 2 2 2 2 2 2 2 2 2 2 2
left_child=13 2 3 6 9 7 -2 -4 -7 10 -3 -6 -5 -1 -11 -13
right_child=1 4 5 12 11 8 -8 -9 -10 14 -12 15 -14 -15 -16 -17
leaf_value=0.0028822121999917492 -0.00080349696572021149 -0.0003283421531472796 -0.00043117190866905731 -0.0010846860789005522 -0.0053747342918068174 -0.0002927778824518679 0.0021868520168199512 0.0029578633877321431 0.0023897650074610052 0.00033930363346682777 -0.0027615154243417475 -0.0033167200835034398 -0.0044896941545108952 0.0056793497258902717 -0.00084774375314062276 -0.0016779485729977834
leaf_weight=28 316 92 33 20 61 176 42 136 44 75 149 98 69 209 52 40
leaf_count=28 316 92 33 20 61 176 42 136 44 75 149 98 69 209 52 40
internal_value=1.56039e-06 -0.00091807 -6.38622e-05 -0.00113136 -0.00216531 0.00115442 -0.000429106 0.00228268 0.000255209 -0.00127791 -0.00186042 -0.00374814 -0.00381745 0.00540154 -0.000132002 -0.0029088
internal_weight=1640 1403 836 447 567 389 358 169 220 368 241 199 89 237 127 138
internal_count=1640 1403 836 447 567 389 358 169 220 368 241 199 89 237 127 138
is_linear=0
shrinkage=0.03


end of trees

feature_importances:
Column_19=36
Column_21=24
Column_20=22
Column_26=22
Column_27=20
Column_32=18
Column_23=14
Column_29=14
Column_28=12
Column_11=10
Column_24=6
Column_33=6
Column_22=4
Column_30=3
Column_31=3
Column_15=2
Column_14=1

parameters:
[boosting: gbdt]
[objective: regression]
[metric: l2]
[tree_learner: serial]
[device_type: cpu]
[data_sample_strategy: bagging]
[data: ]
[valid: ]
[num_iterations: 200]
[learning_rate: 0.03]
[num_leaves: 31]
[num_threads: 40]
[seed: 42]
[deterministic: 0]
[force_col_wise: 0]
[force_row_wise: 0]
[histogram_pool_size: -1]
[max_depth: 5]
[min_data_in_leaf: 20]
[min_sum_hessian_in_leaf: 0.001]
[bagging_fraction: 0.8]
[pos_bagging_fraction: 1]
[neg_bagging_fraction: 1]
[bagging_freq: 0]
[bagging_seed: 400]
[bagging_by_query: 0]
[feature_fraction: 0.8]
[feature_fraction_bynode: 1]
[feature_fraction_seed: 30056]
[extra_trees: 0]
[extra_seed: 12879]
[early_stopping_round: 0]
[early_stopping_min_delta: 0]
[first_metric_only: 0]
[max_delta_step: 0]
[lambda_l1: 0.1]
[lambda_l2: 3]
[linear_lambda: 0]
[min_gain_to_split: 0]
[drop_rate: 0.1]
[max_drop: 50]
[skip_drop: 0.5]
[xgboost_dart_mode: 0]
[uniform_drop: 0]
[drop_seed: 17869]
[top_rate: 0.2]
[other_rate: 0.1]
[min_data_per_group: 100]
[max_cat_threshold: 32]
[cat_l2: 10]
[cat_smooth: 10]
[max_cat_to_onehot: 4]
[top_k: 20]
[monotone_constraints: ]
[monotone_constraints_method: basic]
[monotone_penalty: 0]
[feature_contri: ]
[forcedsplits_filename: ]
[refit_decay_rate: 0.9]
[cegb_tradeoff: 1]
[cegb_penalty_split: 0]
[cegb_penalty_feature_lazy: ]
[cegb_penalty_feature_coupled: ]
[path_smooth: 0]
[interaction_constraints: ]
[verbosity: -1]
[saved_feature_importance_type: 0]
[use_quantized_grad: 0]
[num_grad_quant_bins: 4]
[quant_train_renew_leaf: 0]
[stochastic_rounding: 1]
[linear_tree: 0]
[max_bin: 255]
[max_bin_by_feature: ]
[min_data_in_bin: 3]
[bin_construct_sample_cnt: 200000]
[data_random_seed: 175]
[is_enable_sparse: 1]
[enable_bundle: 1]
[use_missing: 1]
[zero_as_missing: 0]
[feature_pre_filter: 1]
[pre_partition: 0]
[two_round: 0]
[header: 0]
[label_column: ]
[weight_column: ]
[group_column: ]
[ignore_column: ]
[categorical_feature: ]
[forcedbins_filename: ]
[precise_float_parser: 0]
[parser_config_file: ]
[objective_seed: 16083]
[num_class: 1]
[is_unbalance: 0]
[scale_pos_weight: 1]
[sigmoid: 1]
[boost_from_average: 1]
[reg_sqrt: 0]
[alpha: 0.9]
[fair_c: 1]
[poisson_max_delta_step: 0.7]
[tweedie_variance_power: 1.5]
[lambdarank_truncation_level: 30]
[lambdarank_norm: 1]
[label_gain: ]
[lambdarank_position_bias_regularization: 0]
[eval_at: ]
[multi_error_top_k: 1]
[auc_mu_weights: ]
[num_machines: 1]
[local_listen_port: 12400]
[time_out: 120]
[machine_list_filename: ]
[machines: ]
[gpu_platform_id: -1]
[gpu_device_id: -1]
[gpu_device_id_list: ]
[gpu_use_dp: 0]
[num_gpu: 1]

end of parameters

pandas_categorical:null
