tree
version=v4
num_class=1
num_tree_per_iteration=1
label_index=0
max_feature_idx=34
objective=regression
feature_names=Column_0 Column_1 Column_2 Column_3 Column_4 Column_5 Column_6 Column_7 Column_8 Column_9 Column_10 Column_11 Column_12 Column_13 Column_14 Column_15 Column_16 Column_17 Column_18 Column_19 Column_20 Column_21 Column_22 Column_23 Column_24 Column_25 Column_26 Column_27 Column_28 Column_29 Column_30 Column_31 Column_32 Column_33 Column_34
feature_infos=[-8.486277084018429:8.1648037033379453] [-9.6989559207630407:7.3008098538662916] [-8.4811857918772997:8.1620342145364155] [-8.4798380034654262:8.1612651313998921] [-8.4798372581631778:8.1609752642139437] [-8.4821684950972731:8.1667469148993863] [-8.4941945005718669:8.1745055872117636] [-0.94203015031658666:12.230824572612484] [-7.2242179724674855:9.0907404934770621] [-7.0249583625857088:10.072860370734817] [-6.4714753154430147:6.2457389322829755] [-5.2227093292400042:4.3195732112506304] [-7.6220768257694917:7.8750969525811616] [-6.7935868438646256:4.6248513023815363] [-0.99102815965850444:8.339066842999074] [-0.88133082973690702:6.7460094665023886] [-3.0240540674188154:2.5683701671632448] [-8.4867023350189843:6.4567332846247671] none [-1.731605424333001:2.3396390452085662] [-2.0468456634315984:1.3820154701331673] [-1.7312402961873374:3.4230111048845639] [-1.9280854245987549:2.3135857703066169] [-1.245261641195029:7.6984702514869863] [-1.3486234014371326:2.2967278664604747] [-2.7620731089292359:1.2104804727400826] [-0.28942984211696859:6.3674565265733101] [-0.6544201190184451:3.6215920335400713] [-0.84665957473015863:2.4971102880931095] [-2.0561784115057691:2.447011349176329] [-2.0852863799034913:2.3248090052492132] [-5.7574706703156791:6.0392825613426062] [-2.3297663866724307:2.3683180424103543] [-2.5312422555686944:2.5373671167425131] [-7.4633965355819969:9.1874539806984092]
tree_sizes=1510 1642 1543 1643 2000 1724 1562 2077 2091

Tree=0
num_leaves=16
num_cat=0
split_feature=20 11 11 25 22 25 19 33 24 20 25 15 15 22 19
split_gain=29.9568 10.7326 7.25789 7.66796 3.94152 6.7644 3.75947 3.04672 3.03472 1.69001 1.33542 0.791802 0.790417 0.684655 0.207396
threshold=-0.52313772318365215 -1.9708931161064538 -1.5762376692686633 1.0243557692207852 -0.30192193700768732 0.029328839931264752 -0.92332792968758226 0.35287538199630114 1.3310908710319886 0.65644026049128823 -2.1078630484441789 2.0066920501821954 0.58149658323825304 0.37469853510188267 -0.71352351093452426
decision_type=2 2 2 2 2 2 2 2 2 2 2 2 2 2 2
left_child=1 -1 12 4 5 -4 -6 8 11 -5 -9 -3 -2 -11 -12
right_child=2 7 3 9 6 -7 -8 10 -10 13 14 -13 -14 -15 -16
leaf_value=0.084800223839305106 0.062239106335917983 0.059605336724242015 0.05370950085013753 0.055022618940955767 0.05169254273393014 0.039787348631211389 0.056454453800072281 0.07156822565433392 0.068076420966790563 0.062699897227859652 0.061967803474634972 0.065534595084212485 0.071390451879471628 0.058406508561343044 0.065723043953133067
leaf_weight=20 20 219 125 40 207 41 541 42 52 133 30 20 22 45 99
leaf_count=20 20 219 125 40 207 41 541 42 52 133 30 20 22 45 99
internal_value=0.0584065 0.0646809 0.0558211 0.0553564 0.0541521 0.0499837 0.0551111 0.0636388 0.0616988 0.0603816 0.0668093 0.0601961 0.0676454 0.0616385 0.0649732
internal_weight=1656 482 1174 1132 914 166 748 462 291 218 171 239 42 178 129
internal_count=1656 482 1174 1132 914 166 748 462 291 218 171 239 42 178 129
is_linear=0
shrinkage=1


Tree=1
num_leaves=17
num_cat=0
split_feature=20 11 11 20 20 19 20 33 24 20 24 15 33 28 15 17
split_gain=28.2845 10.1908 6.87343 6.42906 6.76097 5.74996 2.89509 2.87414 2.86398 2.23718 2.05743 1.26959 0.820366 0.798447 0.751921 0.216206
threshold=-0.52313772318365215 -1.9708931161064538 -1.5762376692686633 0.50510600248026782 0.1899990542929374 -1.0594758328815839 0.35377174446924725 0.35287538199630114 1.3310908710319886 0.87203975135630374 1.9170072354822552 -0.094040903584830152 -0.30068944183678492 -0.77552944920171363 2.0066920501821954 0.35319633132652944
decision_type=2 2 2 2 2 2 2 2 2 2 2 2 2 2 2 2
left_child=1 -1 13 4 10 12 -6 8 14 -7 -4 15 -5 -2 -3 -9
right_child=2 7 3 5 6 9 -8 11 -10 -11 -12 -13 -14 -15 -16 -17
leaf_value=0.025705182972161664 0.0036216725596510194 0.0011633493353123462 -0.0017032086397678562 -0.0084735631176403575 -0.014766041693558175 0.0028803526561633221 -0.0044514903698793865 0.0070792479398457892 0.009395638091455806 -0.0011979963598749857 -0.0059954044533344361 0.0116838128218284 -0.0014218669775873422 0.012743235872983934 0.0069421365277274796 0.0036228613063045171
leaf_weight=20 20 219 255 81 80 214 41 66 52 270 170 62 21 22 20 43
leaf_count=20 20 219 255 81 80 214 41 66 52 270 170 62 21 22 20 43
internal_value=1.42164e-06 0.00609996 -0.00250902 -0.00296123 -0.00529523 -0.00076557 -0.0114875 0.00508443 0.00319964 0.000605716 -0.00345709 0.00816418 -0.00713242 0.00899732 0.00173939 0.00587607
internal_weight=1656 482 1174 1132 546 586 121 462 291 484 425 171 102 42 239 109
internal_count=1656 482 1174 1132 546 586 121 462 291 484 425 171 102 42 239 109
is_linear=0
shrinkage=0.03


Tree=2
num_leaves=16
num_cat=0
split_feature=20 11 11 25 19 19 33 24 33 20 25 28 25 14 19
split_gain=26.7083 9.68419 6.51005 6.86165 2.97952 2.90658 2.7559 2.743 1.60589 1.54332 1.21386 0.755 0.583372 0.578556 0.179683
threshold=-0.52313772318365215 -1.5762376692686633 -1.5762376692686633 1.0243557692207852 -0.10199667851397502 -0.28108310850069956 0.35287538199630114 1.3310908710319886 -0.50326208600260414 0.65644026049128823 -2.1078630484441789 -0.77552944920171363 1.1196027460087354 0.9535342688081121 -0.71352351093452426
decision_type=2 2 2 2 2 2 2 2 2 2 2 2 2 2 2
left_child=1 -1 11 4 5 -4 7 13 -6 -5 -8 -2 -11 -3 -12
right_child=2 6 3 9 8 -7 10 -9 -10 12 14 -13 -14 -15 -16
leaf_value=0.024618666164577002 0.0035271942331253185 0.0011236007408733054 -0.0043771740834884967 -0.0032419241736967898 0.0030063321387162434 -0.010941047303247409 0.012466042415301004 0.0091291438417001186 -0.0025364723712045815 0.0013257772990909872 0.0033590789356014944 0.012406814550161361 0.0048527537706223398 0.0062068064044351169 0.0068855268797453706
leaf_weight=21 20 218 576 40 57 68 42 52 213 93 30 22 85 20 99
leaf_count=21 20 218 576 40 57 68 42 52 213 93 30 22 85 20 99
internal_value=4.02788e-06 0.00593024 -0.00243542 -0.00287558 -0.00401494 -0.00512241 0.00491879 0.00306886 -0.00133516 0.00187744 0.00793187 0.00876213 0.0030791 0.00163515 0.00618313
internal_weight=1656 482 1174 1132 914 644 461 290 270 218 171 42 178 238 129
internal_count=1656 482 1174 1132 914 644 461 290 270 218 171 42 178 238 129
is_linear=0
shrinkage=0.03


Tree=3
num_leaves=17
num_cat=0
split_feature=20 11 11 21 19 23 33 24 11 25 22 28 15 11 19 22
split_gain=25.2073 9.19887 6.16364 7.08792 4.45686 4.14959 2.55849 2.55173 1.37832 1.14774 0.899133 0.713873 0.683232 0.168371 0.166961 0.0803394
threshold=-0.52313772318365215 -1.9708931161064538 -1.5762376692686633 -0.63252808963371754 -0.10199667851397502 -0.51748148102954594 0.35287538199630114 1.3310908710319886 -0.22872880861641573 -2.1078630484441789 0.36332676246138568 -0.77552944920171363 2.0066920501821954 0.12586560048200637 -0.71352351093452426 0.044917128527470283
decision_type=2 2 2 2 2 2 2 2 2 2 2 2 2 2 2 2
left_child=1 -1 11 10 5 -5 7 12 -6 -8 15 -2 -3 -12 -11 -4
right_child=2 6 3 4 8 -7 9 -9 -10 14 13 -13 -14 -15 -16 -17
leaf_value=0.024392387004002279 0.0034351804697805122 0.0010922333884817498 0.0057000162465231756 -0.009157564852508614 0.0011577797838831789 -0.003697216190365369 0.012116993006070453 0.0088702083251693022 -0.002703668129275489 0.0032674676803025331 0.0016007895472702448 0.012079274459481239 0.0066016262060274254 -0.00076232467084505159 0.0066850367302403717 0.0032078956532968234
leaf_weight=20 20 219 32 188 136 398 42 52 203 30 43 22 20 62 99 70
leaf_count=20 20 219 32 188 136 398 42 52 203 30 43 22 20 62 99 70
internal_value=7.96552e-06 0.00576529 -0.00236189 -0.00279026 -0.0039124 -0.00549181 0.0048003 0.003021 -0.00114919 0.00770669 0.00219411 0.00853313 0.00164179 0.000195233 0.0060053 0.00415883
internal_weight=1656 482 1174 1132 925 586 462 291 339 171 207 42 239 105 129 102
internal_count=1656 482 1174 1132 925 586 462 291 339 171 207 42 239 105 129 102
is_linear=0
shrinkage=0.03


Tree=4
num_leaves=21
num_cat=0
split_feature=22 14 21 19 19 23 33 24 24 19 11 25 11 11 19 33 21 19 30 11
split_gain=21.5564 10.8456 7.39967 5.09438 3.76803 3.4316 3.20574 1.89221 1.77379 2.01392 1.46481 1.22054 0.650735 0.640043 0.425831 0.390913 0.361254 0.21202 0.0649557 0.0208435
threshold=-0.75110695630731772 2.5911412653323338 -0.0013739911353848713 -1.2924020650595718 -0.10199667851397502 -0.73271472138143723 0.58106025487247404 1.3310908710319886 1.0999042312683824 -0.61592585042376891 -0.22872880861641573 -2.1078630484441789 -3.8626190902896345 -0.02506790010351561 0.54416426963136433 -0.82183521301107831 -0.24979661905162118 0.50686385470081674 0.49662318582739801 0.016267024852194757
decision_type=2 2 2 2 2 2 2 2 2 2 2 2 2 2 2 2 2 2 2 2
left_child=1 6 3 -2 5 19 7 16 9 -5 14 -8 -3 -7 -6 -12 -1 -13 -10 -4
right_child=2 12 4 8 10 13 11 -9 18 -11 15 17 -14 -15 -16 -17 -18 -19 -20 -21
leaf_value=0.0016606750990215101 -0.0080854718277328895 0.024885130144655702 -0.008750357261332482 -0.002096094396839551 0.0038077049357816582 -0.0037037013611475496 0.01227820611145438 0.0090380483801875793 0.0067212386624887583 0.0019892356476371902 0.00044090460046477945 0.0035661739120069814 0.012547494761645794 -0.0066494333747596961 -5.6721374990643349e-05 -0.0038491955356587137 -0.0010546248742858025 0.0069091812582576977 0.0032138195637127624 -0.015530439273003606
leaf_weight=111 54 21 20 156 33 201 38 25 45 338 20 46 21 123 84 139 68 65 20 28
leaf_count=111 54 21 20 156 33 201 38 25 45 338 20 46 21 123 84 139 68 65 20 28
internal_value=1.21689e-05 0.00610266 -0.00190322 0.000455707 -0.00413116 -0.00609356 0.00428224 0.00177538 0.00132489 0.00068823 -0.00143836 0.00759193 0.0200307 -0.00488191 0.00107619 -0.00329287 0.0006123 0.00568041 0.00587555 -0.0134451
internal_weight=1656 395 1261 613 648 372 353 204 559 494 276 149 42 324 117 159 179 111 65 48
internal_count=1656 395 1261 613 648 372 353 204 559 494 276 149 42 324 117 159 179 111 65 48
is_linear=0
shrinkage=0.03


Tree=5
num_leaves=18
num_cat=0
split_feature=20 11 11 21 22 23 33 24 24 15 22 15 15 17 11 11 29
split_gain=22.5802 8.38959 5.5405 6.48896 3.14403 5.04779 2.2819 2.30412 1.95887 1.03736 0.80809 0.62145 0.61835 0.183963 0.164467 0.0816196 0.0588731
threshold=-0.52313772318365215 -1.9708931161064538 -1.5762376692686633 -0.63252808963371754 -0.30192193700768732 -0.40378488953199648 0.35287538199630114 1.3310908710319886 -0.44037831289914448 -0.094040903584830152 0.37469853510188267 2.0066920501821954 0.67976990782080937 0.35319633132652944 0.12586560048200637 0.40091492169894699 0.22658789704558333
decision_type=2 2 2 2 2 2 2 2 2 2 2 2 2 2 2 2 2
left_child=1 -1 12 10 5 -5 7 11 -6 13 15 -3 -2 -8 -12 -4 -11
right_child=2 6 3 4 8 -7 9 -9 -10 16 14 -13 -14 -15 -16 -17 -18
leaf_value=0.023251719777998715 0.0034833347478415815 0.0010243347099190892 0.0047129759360914642 -0.011643097027478847 -0.00082712303444152757 -0.00094628712691898853 0.0063207235938828928 0.0084186237882484093 -0.0040155027842197141 0.01199578561724686 0.001601357903169549 0.0062795028352867002 0.011578615644946694 0.0031609164520126323 -0.00074072620340120911 0.0023384417390450835 0.0068736032081974877
leaf_weight=20 21 219 66 99 277 67 66 52 482 38 43 20 21 43 61 37 24
leaf_count=20 21 219 66 99 277 67 66 52 482 38 43 20 21 43 61 37 24
internal_value=1.39348e-05 0.00546307 -0.00222895 -0.00263521 -0.003709 -0.0074369 0.00454151 0.00286005 -0.00286367 0.00728705 0.00213328 0.00154889 0.00809971 0.00521904 0.000217346 0.00397861 0.0104679
internal_weight=1656 482 1174 1132 925 166 462 291 759 171 207 239 42 109 104 103 62
internal_count=1656 482 1174 1132 925 166 462 291 759 171 207 239 42 109 104 103 62
is_linear=0
shrinkage=0.03


Tree=6
num_leaves=16
num_cat=0
split_feature=20 14 25 12 24 22 25 33 24 19 20 25 19 33 19
split_gain=21.3215 7.65025 5.27611 4.54063 3.57428 2.62411 5.62997 2.47103 2.46466 1.82561 1.39884 0.971398 0.698682 0.207458 0.139926
threshold=-0.52313772318365215 2.5911412653323338 0.94229515405272457 -1.9303728151795538 -0.4069394839658379 -0.30192193700768732 0.029328839931264752 0.35287538199630114 1.3310908710319886 -0.7751400191425809 0.65644026049128823 -2.1078630484441789 -0.68459694194705933 -0.27760073449002215 -0.71352351093452426
decision_type=2 2 2 2 2 2 2 2 2 2 2 2 2 2 2
left_child=1 7 3 -2 10 6 -5 8 13 -7 -4 -9 -12 -1 -13
right_child=2 -3 4 5 -6 9 -8 11 -10 -11 12 14 -14 -15 -16
leaf_value=0.00043688228445002667 0.0088931243228367873 0.019338540388779205 -0.0029314842191101478 -0.0038343785791143995 -0.0069102568496828493 -0.0052409247817395569 -0.016512579121372915 0.011146847661336261 0.0081798411060463299 -0.0017889878627439159 0.00055576200918294478 0.0029908906919035045 0.0038809492236053615 0.0024274831162634453 0.0061413945130565587
leaf_weight=161 23 30 41 125 43 209 41 42 52 423 87 30 182 68 99
leaf_count=161 23 30 41 125 43 209 41 42 52 423 87 30 182 68 99
internal_value=1.78495e-05 0.00531297 -0.00216158 -0.00347733 0.000893643 -0.00386959 -0.00722103 0.00425411 0.00246441 -0.00295462 0.00204156 0.00708465 0.00283454 0.00106466 0.00551607
internal_weight=1656 482 1174 821 353 798 166 452 281 632 310 171 269 229 129
internal_count=1656 482 1174 821 353 798 166 452 281 632 310 171 269 229 129
is_linear=0
shrinkage=0.03


Tree=7
num_leaves=22
num_cat=0
split_feature=22 14 21 19 19 33 15 24 24 24 19 33 25 24 10 16 21 9 29 30 19
split_gain=18.2075 9.43124 6.2529 4.46982 3.27001 2.71739 2.58283 1.79622 1.63044 1.55185 1.74956 1.30192 1.0557 0.757796 0.372656 0.314631 0.313467 0.187873 0.148587 0.0620828 0.0058764
threshold=-0.75110695630731772 2.5911412653323338 -0.0013739911353848713 -1.2924020650595718 -0.10199667851397502 0.58106025487247404 -0.1949766801613437 -0.57093711736252051 1.3310908710319886 1.0999042312683824 -0.68459694194705933 -0.52742955384241974 -1.5669514603068984 1.4801852895471603 -0.68191928013042447 0.098633593832498742 -0.24979661905162118 -1.662263585869727 0.22658789704558333 0.49662318582739801 -0.71352351093452426
decision_type=2 2 2 2 2 2 2 2 2 2 2 2 2 2 2 2 2 2 2 2 2
left_child=1 5 3 -2 6 8 7 -4 16 10 -5 15 18 -8 -13 -6 -1 -3 -7 -11 -14
right_child=2 17 4 9 11 12 13 -9 -10 19 -12 14 20 -15 -16 -17 -18 -19 -20 -21 -22
leaf_value=0.0015079696216301894 -0.0075732340357805555 0.022267835168838498 -0.003139536770642735 -0.0021958930821640286 0.002811834957090799 0.011359632454267361 -0.0013568688738664768 -0.011985294263244052 0.0083513558219586101 0.0063078214400447905 0.0017531621203990652 0.00026636943119742414 0.0023528843137621881 -0.0049733385277288631 -0.0032098896688634027 -0.0011902132177492603 -0.0010207867310251253 0.012065007005048834 0.0067981354208155112 0.0029607333715843116 0.0044356391193235622
leaf_weight=111 54 22 33 137 63 38 80 76 25 45 357 31 22 183 161 21 68 20 41 20 48
leaf_count=111 54 22 33 137 63 38 80 76 25 45 357 31 22 183 161 21 68 20 41 20 48
internal_value=1.89292e-05 0.00561649 -0.00174127 0.000426804 -0.00378936 0.00391903 -0.00561739 -0.00948984 0.00161 0.00124126 0.000645298 -0.00128082 0.00696646 -0.00391226 -0.00263777 0.0017703 0.00052985 0.0186042 0.00936418 0.00549812 0.00394575
internal_weight=1656 395 1261 613 648 353 372 109 204 559 494 276 149 263 192 84 179 42 79 65 70
internal_count=1656 395 1261 613 648 353 372 109 204 559 494 276 149 263 192 84 179 42 79 65 70
is_linear=0
shrinkage=0.03


Tree=8
num_leaves=22
num_cat=0
split_feature=22 14 21 19 19 23 33 22 21 33 19 33 25 25 32 19 10 19 29 29 19
split_gain=17.2201 8.94951 5.89447 4.21906 3.08454 2.87763 2.56861 1.30268 1.79633 1.53334 1.24214 1.22611 0.996308 0.514713 0.402192 0.387602 0.351651 0.301915 0.138999 0.0213653 0.00445609
threshold=-0.75110695630731772 2.5911412653323338 -0.0013739911353848713 -1.2924020650595718 -0.10199667851397502 -0.73271472138143723 0.58106025487247404 0.31783967189939799 -0.12154583133989251 -0.30068944183678492 -0.59863656651143404 -0.52742955384241974 -1.5669514603068984 0.10856547033582239 0.1034235533662084 -0.31175943634194297 -0.68191928013042447 0.71668216042890476 0.22658789704558333 0.2573885639273587 -0.71352351093452426
decision_type=2 2 2 2 2 2 2 2 2 2 2 2 2 2 2 2 2 2 2 2 2
left_child=1 6 3 -2 5 19 10 8 -5 -9 14 17 18 -7 -1 -12 -13 -6 -8 -4 -14
right_child=2 -3 4 7 11 13 12 9 -10 -11 15 16 20 -15 -16 -17 -18 -19 -20 -21 -22
leaf_value=0.0081276587918400756 -0.0073579946756362914 0.018116783346732456 -0.007888605574712805 0.003454370611104002 0.0036804753539080807 -0.005288123634583114 0.01104377924959834 -0.0061550864775975541 -0.0026450387149905929 0.00052974968233976915 -0.0020113913052126156 0.00025908343146062072 0.0022907681930065152 -0.0026298680177991984 0.0022073107912308639 0.0011826279061164576 -0.0031153545125661608 5.7116043808705659e-05 0.0066080965484407814 -0.014095956110185192 0.004310397511019427
leaf_weight=25 54 42 20 265 36 204 38 33 49 212 46 31 22 120 24 109 161 48 41 28 48
leaf_count=25 54 42 20 265 36 204 38 33 49 212 46 31 22 120 24 109 161 48 41 28 48
internal_value=2.10517e-05 0.00546476 -0.0016907 0.000414183 -0.00367924 -0.00545474 0.00381101 0.00120559 0.00247706 -0.000422125 0.00156555 -0.0012425 0.00677402 -0.00434592 0.00558023 0.000195545 -0.00255953 0.00171783 0.00910428 -0.0121846 0.00383698
internal_weight=1656 395 1261 613 648 372 353 559 314 245 204 276 149 324 49 155 192 84 79 48 70
internal_count=1656 395 1261 613 648 372 353 559 314 245 204 276 149 324 49 155 192 84 79 48 70
is_linear=0
shrinkage=0.03


end of trees

feature_importances:
Column_19=26
Column_11=18
Column_33=16
Column_24=15
Column_25=14
Column_20=13
Column_22=11
Column_15=9
Column_21=8
Column_14=5
Column_23=4
Column_29=4
Column_28=3
Column_10=2
Column_17=2
Column_30=2
Column_9=1
Column_12=1
Column_16=1
Column_32=1

parameters:
[boosting: gbdt]
[objective: regression]
[metric: l2]
[tree_learner: serial]
[device_type: cpu]
[data_sample_strategy: bagging]
[data: ]
[valid: ]
[num_iterations: 200]
[learning_rate: 0.03]
[num_leaves: 31]
[num_threads: 40]
[seed: 42]
[deterministic: 0]
[force_col_wise: 0]
[force_row_wise: 0]
[histogram_pool_size: -1]
[max_depth: 5]
[min_data_in_leaf: 20]
[min_sum_hessian_in_leaf: 0.001]
[bagging_fraction: 0.8]
[pos_bagging_fraction: 1]
[neg_bagging_fraction: 1]
[bagging_freq: 0]
[bagging_seed: 400]
[bagging_by_query: 0]
[feature_fraction: 0.8]
[feature_fraction_bynode: 1]
[feature_fraction_seed: 30056]
[extra_trees: 0]
[extra_seed: 12879]
[early_stopping_round: 0]
[early_stopping_min_delta: 0]
[first_metric_only: 0]
[max_delta_step: 0]
[lambda_l1: 0.1]
[lambda_l2: 3]
[linear_lambda: 0]
[min_gain_to_split: 0]
[drop_rate: 0.1]
[max_drop: 50]
[skip_drop: 0.5]
[xgboost_dart_mode: 0]
[uniform_drop: 0]
[drop_seed: 17869]
[top_rate: 0.2]
[other_rate: 0.1]
[min_data_per_group: 100]
[max_cat_threshold: 32]
[cat_l2: 10]
[cat_smooth: 10]
[max_cat_to_onehot: 4]
[top_k: 20]
[monotone_constraints: ]
[monotone_constraints_method: basic]
[monotone_penalty: 0]
[feature_contri: ]
[forcedsplits_filename: ]
[refit_decay_rate: 0.9]
[cegb_tradeoff: 1]
[cegb_penalty_split: 0]
[cegb_penalty_feature_lazy: ]
[cegb_penalty_feature_coupled: ]
[path_smooth: 0]
[interaction_constraints: ]
[verbosity: -1]
[saved_feature_importance_type: 0]
[use_quantized_grad: 0]
[num_grad_quant_bins: 4]
[quant_train_renew_leaf: 0]
[stochastic_rounding: 1]
[linear_tree: 0]
[max_bin: 255]
[max_bin_by_feature: ]
[min_data_in_bin: 3]
[bin_construct_sample_cnt: 200000]
[data_random_seed: 175]
[is_enable_sparse: 1]
[enable_bundle: 1]
[use_missing: 1]
[zero_as_missing: 0]
[feature_pre_filter: 1]
[pre_partition: 0]
[two_round: 0]
[header: 0]
[label_column: ]
[weight_column: ]
[group_column: ]
[ignore_column: ]
[categorical_feature: ]
[forcedbins_filename: ]
[precise_float_parser: 0]
[parser_config_file: ]
[objective_seed: 16083]
[num_class: 1]
[is_unbalance: 0]
[scale_pos_weight: 1]
[sigmoid: 1]
[boost_from_average: 1]
[reg_sqrt: 0]
[alpha: 0.9]
[fair_c: 1]
[poisson_max_delta_step: 0.7]
[tweedie_variance_power: 1.5]
[lambdarank_truncation_level: 30]
[lambdarank_norm: 1]
[label_gain: ]
[lambdarank_position_bias_regularization: 0]
[eval_at: ]
[multi_error_top_k: 1]
[auc_mu_weights: ]
[num_machines: 1]
[local_listen_port: 12400]
[time_out: 120]
[machine_list_filename: ]
[machines: ]
[gpu_platform_id: -1]
[gpu_device_id: -1]
[gpu_device_id_list: ]
[gpu_use_dp: 0]
[num_gpu: 1]

end of parameters

pandas_categorical:null
