tree
version=v4
num_class=1
num_tree_per_iteration=1
label_index=0
max_feature_idx=35
objective=regression
feature_names=Column_0 Column_1 Column_2 Column_3 Column_4 Column_5 Column_6 Column_7 Column_8 Column_9 Column_10 Column_11 Column_12 Column_13 Column_14 Column_15 Column_16 Column_17 Column_18 Column_19 Column_20 Column_21 Column_22 Column_23 Column_24 Column_25 Column_26 Column_27 Column_28 Column_29 Column_30 Column_31 Column_32 Column_33 Column_34 Column_35
feature_infos=[-6.7875105085525931:5.6547195299394541] [-6.975904595588041:5.5205147051206751] [-6.7865953053931456:5.6533589809309763] [-6.7878671124155758:5.6556925654082262] [-6.7878891350429793:5.6560414226992179] [-6.7871588427664653:5.655036606673213] [-6.7874326526226616:5.65581691941951] [-1.691270139573837:9.6918752078289359] [-5.6517533264647826:6.9231090670562709] [-4.8662373908641321:3.9170294810846498] [-4.124298865913838:4.0085598738921577] [-2.7302200434621628:4.1961341319688463] [-4.4747268028864369:3.9389395739980873] [-3.9154754932181861:4.0107430416298886] [-1.7209461870516276:6.0874985844720788] [-1.7927849044015309:5.2988788376011691] [-2.6198439445844466:3.0347070038508179] [-5.1590565347463686:3.1352614466344395] [-2.7904696616032569:12.055997536679584] [-1.7605437567984705:3.3551582501788344] [-1.8673092192086451:2.6840082103724243] [-1.2356592530452004:7.8116793724536642] [-1.4354592657801746:2.165420585077777] [-1.0122036579264924:2.5931661325444204] [-1.7424823793603432:2.6864836570754234] [-2.0016765693049998:5.1411815013917348] [-2.0965712644420682:2.5925862313024277] [-0.16761291795923947:11.223618852578303] [-0.67628970006691647:3.7283968854840603] [-0.50418910398738148:5.1334731875664703] [-3.4499052260451601:2.95265456178464] [-2.7803300539616393:2.6873983929481047] [-9.9362781656656107:6.2942911242870583] [-2.2654695926163342:2.874540116742355] [-2.2820437696632259:3.0078862141984288] [-6.1540314967329524:6.6813990310378397]
tree_sizes=948 973 969 971 951 1065 1063 972 1869 1780 1081 1143 1076 1067 1022 1994 1966 1110 2094 928 741 1123 1676 2090 817 2135 2227 951 743 1550 1123 1122 903 1835 742 2001 1092 1898 2439 1833 1892 2020 1122 1744 822 1788 1184 1670 1590 1507 791 1071 1643

Tree=0
num_leaves=9
num_cat=0
split_feature=22 11 29 20 29 29 29 29
split_gain=0.0168229 0.0179413 0.0106072 0.00927527 0.0177159 0.00655994 0.0030384 0.00131033
threshold=-1.1814317662749934 -1.5348424931889684 -0.50130310050422844 0.3446947063569798 -0.46487316386223204 -0.47826095801949792 -0.50278769217751196 -0.42719212167377968
decision_type=2 2 2 2 2 2 2 2
left_child=-1 7 6 4 -4 -5 -3 -2
right_child=1 2 3 5 -6 -7 -8 -9
leaf_value=0.0012348665243653565 0.0024915362006251709 0.0018500023792075314 0.001741945709492139 0.0020636881492148667 0.0020180737805321953 0.0017543007469127295 0.0012305000376620341 0.0019384191042638313
leaf_weight=34 42 24 284 60 701 575 27 20
leaf_count=34 42 24 284 60 701 575 27 20
internal_value=0.00186785 0.00188134 0.0018641 0.00187606 0.00193528 0.00178902 0.00144929 0.00237076
internal_weight=1767 1733 1671 1620 985 635 51 62
internal_count=1767 1733 1671 1620 985 635 51 62
is_linear=0
shrinkage=1


Tree=1
num_leaves=9
num_cat=0
split_feature=22 11 29 20 29 26 29 29
split_gain=0.0159042 0.0170501 0.0101126 0.00872658 0.0133114 0.00785966 0.00280296 0.00114371
threshold=-1.1814317662749934 -1.5348424931889684 -0.50130310050422844 0.56748646864416508 -0.46487316386223204 0.074517062285846369 -0.50278769217751196 -0.42719212167377968
decision_type=2 2 2 2 2 2 2 2
left_child=-1 7 6 4 -4 -5 -3 -2
right_child=1 2 3 5 -6 -7 -8 -9
leaf_value=-0.00061553123700149308 0.00060622540611463287 -1.7369257813293686e-05 -0.00010477939724667355 -2.9120896240082941e-05 0.00012455075207975767 -0.00034545231311779422 -0.00062013909649103881 6.8730585219505561e-05
leaf_weight=34 42 24 304 438 789 89 27 20
leaf_count=34 42 24 304 438 789 89 27 20
internal_value=0 1.30419e-05 -3.71574e-06 7.91928e-06 5.79169e-05 -8.98565e-05 -0.000408762 0.000490168
internal_weight=1767 1733 1671 1620 1093 527 51 62
internal_count=1767 1733 1671 1620 1093 527 51 62
is_linear=0
shrinkage=0.03


Tree=2
num_leaves=9
num_cat=0
split_feature=22 11 29 20 29 24 29 29
split_gain=0.0150295 0.0162134 0.00963718 0.00831307 0.0163304 0.00972933 0.00258178 0.000988737
threshold=-1.1814317662749934 -1.5348424931889684 -0.50130310050422844 0.27043078559458467 -0.46487316386223204 0.78057614139609754 -0.50278769217751196 -0.42719212167377968
decision_type=2 2 2 2 2 2 2 2
left_child=-1 7 6 4 -4 -5 -3 -2
right_child=1 2 3 5 -6 -7 -8 -9
leaf_value=-0.00059856254880464438 0.0005892510953359305 -1.6906081928431772e-05 -0.00012051902532279481 -0.000191857762779313 0.00014701084276187666 3.1607436401154807e-05 -0.0006033953415229917 6.6937623662575467e-05
leaf_weight=34 42 24 280 319 678 343 27 20
leaf_count=34 42 24 280 319 678 343 27 20
internal_value=0 1.24787e-05 -3.81891e-06 7.49567e-06 6.55645e-05 -7.19429e-05 -0.000399228 0.000477783
internal_weight=1767 1733 1671 1620 958 662 51 62
internal_count=1767 1733 1671 1620 958 662 51 62
is_linear=0
shrinkage=0.03


Tree=3
num_leaves=9
num_cat=0
split_feature=22 11 29 20 29 24 29 34
split_gain=0.0142082 0.015413 0.0091906 0.0078903 0.0118012 0.00822819 0.00237407 0.000915127
threshold=-1.1814317662749934 -1.5348424931889684 -0.50130310050422844 0.56748646864416508 -0.46487316386223204 0.90763664244138587 -0.50278769217751196 -0.14598574524035138
decision_type=2 2 2 2 2 2 2 2
left_child=-1 7 6 4 -4 -5 -3 -2
right_child=1 2 3 5 -6 -7 -8 -9
leaf_value=-0.00058206161309184664 0.00070873548685617251 -1.6455260441742002e-05 -9.802837315901312e-05 -0.00021604801012831576 0.00011767333105065821 1.2546136082351476e-05 -0.00058710367148742074 0.00021062198018522135
leaf_weight=34 23 24 304 238 789 289 27 39
leaf_count=34 23 24 304 238 789 289 27 39
internal_value=0 1.20474e-05 -3.79865e-06 7.20793e-06 5.48381e-05 -8.56681e-05 -0.000389952 0.000465742
internal_weight=1767 1733 1671 1620 1093 527 51 62
internal_count=1767 1733 1671 1620 1093 527 51 62
is_linear=0
shrinkage=0.03


Tree=4
num_leaves=9
num_cat=0
split_feature=22 11 29 22 22 26 29 29
split_gain=0.0134323 0.0146794 0.00876619 0.00765278 0.0179076 0.00701696 0.00217904 0.000913159
threshold=-1.1814317662749934 -1.5348424931889684 -0.50130310050422844 -0.31942652998992205 -0.38581285780575741 0.83272611891576609 -0.50278769217751196 -0.42719212167377968
decision_type=2 2 2 2 2 2 2 2
left_child=-1 7 6 4 -4 -5 -3 -2
right_child=1 2 3 5 -6 -7 -8 -9
leaf_value=-0.00056601558895026508 0.00056120937999027472 -1.6016456799762733e-05 1.3587776672678122e-05 0 0.00043031545817696795 -0.00020143840185068927 -0.00057125185625627633 5.5798648107472959e-05
leaf_weight=34 42 24 795 495 105 225 27 20
leaf_count=34 42 24 795 495 105 225 27 20
internal_value=0 1.1641e-05 -3.78078e-06 6.92604e-06 6.67964e-05 -6.37291e-05 -0.000380926 0.000454428
internal_weight=1767 1733 1671 1620 900 720 51 62
internal_count=1767 1733 1671 1620 900 720 51 62
is_linear=0
shrinkage=0.03


Tree=5
num_leaves=10
num_cat=0
split_feature=22 11 33 20 11 11 29 29 34
split_gain=0.0127012 0.0139546 0.00875282 0.0130367 0.0117782 0.00982095 0.00646126 0.00640847 0.000884438
threshold=-1.1814317662749934 -1.5348424931889684 -0.29252023169806601 -1.7134768119151123 1.706019198710208 0.96686183564716921 -0.49992173777900939 -0.47165362394522531 -0.14598574524035138
decision_type=2 2 2 2 2 2 2 2 2
left_child=-1 8 3 -3 -5 6 -4 -7 -2
right_child=1 2 5 4 -6 7 -8 -9 -10
leaf_value=-0.00055041194306308953 0.00067853208939777686 0.00081025221726209256 -0.00031024789933060856 0.00011943124774457511 -0.00033974869634786789 -0.00055291966966027626 6.3784665686154955e-06 -0.00010679133741804026 0.00019417506740761122
leaf_weight=34 23 20 58 411 52 49 953 128 39
leaf_count=34 23 20 58 411 52 49 953 128 39
internal_value=0 1.13033e-05 -3.68855e-06 0.000101634 5.95673e-05 -4.91762e-05 -9.69163e-06 -0.000254119 0.000443034
internal_weight=1767 1733 1671 483 463 1188 1011 177 62
internal_count=1767 1733 1671 483 463 1188 1011 177 62
is_linear=0
shrinkage=0.03


Tree=6
num_leaves=10
num_cat=0
split_feature=22 13 33 15 22 30 28 30 15
split_gain=0.0120105 0.0100398 0.00764804 0.0152011 0.0204087 0.00943589 0.00966438 0.00740469 0.00646876
threshold=-1.1814317662749934 -2.1179180786070329 -0.31020928794839631 -0.40473796471914641 -0.37378653338718676 -0.2043356891817899 -0.64922027084474443 -0.16017565818003462 0.44769931048655581
decision_type=2 2 2 2 2 2 2 2 2
left_child=-1 -2 3 4 -3 6 -4 -7 -5
right_child=1 2 5 8 -6 7 -8 -9 -10
leaf_value=-0.00053523839244971395 0.00054611436926549481 0.00010588908542783678 -0.00084941639436408878 -0.00011135515042691509 0.00094767747750738635 0.00013119064036892452 -9.9957199474037811e-05 -5.2840711252209421e-05 0.00016341026421070622
leaf_weight=34 28 107 22 206 37 246 78 891 118
leaf_count=34 28 107 22 206 37 246 78 891 118
internal_value=0 1.09901e-05 0 0.000104149 0.000357516 -3.78267e-05 -0.000313902 -1.01519e-05 -1.53084e-06
internal_weight=1767 1733 1705 468 144 1237 100 1137 324
internal_count=1767 1733 1705 468 144 1237 100 1137 324
is_linear=0
shrinkage=0.03


Tree=7
num_leaves=9
num_cat=0
split_feature=22 11 29 20 29 26 29 34
split_gain=0.011358 0.012894 0.00805371 0.00719265 0.0136987 0.00777819 0.00199718 0.000884978
threshold=-1.1814317662749934 -1.5348424931889684 -0.50130310050422844 0.3446947063569798 -0.46487316386223204 0.074517062285846369 -0.50278769217751196 -0.14598574524035138
decision_type=2 2 2 2 2 2 2 2
left_child=-1 7 6 4 -4 -5 -3 -2
right_child=1 2 3 5 -6 -7 -8 -9
leaf_value=-0.00052048317063599825 0.00065631034360446325 -1.0814484701970482e-05 -0.00011042932246295323 -1.4828002528862698e-05 0.00013195057893869943 -0.00029616021666994415 -0.00054757989067584273 0.00018115803198556283
leaf_weight=34 23 24 284 524 701 111 27 39
leaf_count=34 23 24 284 524 701 111 27 39
internal_value=0 1.07009e-05 -3.64159e-06 6.54551e-06 5.89069e-05 -6.98693e-05 -0.000365174 0.000425734
internal_weight=1767 1733 1671 1620 985 635 51 62
internal_count=1767 1733 1671 1620 985 635 51 62
is_linear=0
shrinkage=0.03


Tree=8
num_leaves=20
num_cat=0
split_feature=33 34 35 17 28 22 30 31 32 29 35 12 31 15 14 28 22 4 34
split_gain=0.0108639 0.0167608 0.0241726 0.0100237 0.0117304 0.00870489 0.00964301 0.00794288 0.00887205 0.00762417 0.00703405 0.00503343 0.00491105 0.00391098 0.00763771 0.000768334 0.000986888 0.000181421 1.80702e-05
threshold=-0.29252023169806601 -1.1662366250497731 0.14500361638768455 1.2259481373633667 -0.47282191658956468 -1.1814317662749934 -0.2043356891817899 -0.17060779470608209 -0.33363826965510796 -0.50091028100830248 0.10308293641977688 -0.59197012997939502 -2.428326161174561 -0.55214508318824318 -0.10536121061801321 -0.61424356219079446 -0.31942652998992205 0.12394062837547651 -1.553059653908903
decision_type=2 2 2 2 2 2 2 2 2 2 2 2 2 2 2 2 2 2 2
left_child=1 12 3 4 -3 -2 10 9 -9 -8 -7 -12 -1 18 -15 17 -17 -4 -14
right_child=5 2 15 -5 -6 6 7 8 -10 -11 11 -13 13 14 -16 16 -18 -19 -20
leaf_value=-0.00042108196149078702 -0.00050613472598126609 0.00093676394180511118 0 0 0 0 -0.00012363841947323333 0.00010352382160234466 -0.00010766008377728791 0.00023206109720640188 -3.9635663168155579e-05 -0.00084380061696444093 0 -0.00037682514990214258 3.8661434006054966e-05 0.00016622260186551627 -4.2620281663922795e-06 -0.00017352255902875656 0.00028448440007847051
leaf_weight=23 34 69 24 24 20 36 60 229 666 198 21 26 20 47 155 35 25 20 35
leaf_count=23 34 69 24 24 20 36 60 229 666 198 21 26 20 47 155 35 25 20 35
internal_value=0 0.000117937 0.000315132 0.000613098 0.000756311 -4.70911e-05 -3.08474e-05 -5.32181e-06 -5.01192e-05 0.000137376 -0.000338 -0.000568429 -2.60092e-05 2.25967e-06 -4.74768e-05 0 5.0748e-05 -0.000106116 0.00022966
internal_weight=1767 497 217 113 89 1270 1236 1153 895 258 83 47 280 257 202 104 60 44 55
internal_count=1767 497 217 113 89 1270 1236 1153 895 258 83 47 280 257 202 104 60 44 55
is_linear=0
shrinkage=0.03


Tree=9
num_leaves=19
num_cat=0
split_feature=33 34 19 22 30 16 17 34 20 33 31 29 29 26 34 31 10 30
split_gain=0.0102809 0.0157864 0.00844273 0.00822008 0.00919811 0.00745415 0.00669287 0.00591899 0.00678606 0.00552528 0.00466244 0.00416934 0.00375505 0.00611911 0.00396841 0.00320962 0.00210421 0.00169628
threshold=-0.29252023169806601 -1.1662366250497731 -0.31022555720880968 -1.1814317662749934 -0.2043356891817899 -0.7878292796193157 -0.043527377553592789 -0.77547555776203336 0.047639023307399414 -0.016348638290147752 -2.428326161174561 -0.40041220443254072 -0.107151772347947 -0.13083435119063933 -1.495502061912042 -0.26325033693046912 -0.33593914413668929 -0.2346498321021748
decision_type=2 2 2 2 2 2 2 2 2 2 2 2 2 2 2 2 2 2
left_child=1 10 17 -2 9 11 -7 16 -9 15 -1 -6 13 -12 -14 -5 -4 -3
right_child=3 2 7 4 5 6 -8 8 -10 -11 12 -13 14 -15 -16 -17 -18 -19
leaf_value=-0.00040990709964759073 -0.00049218183523043989 0.00013929251722024323 0 -0.00016513861263976306 0.00023392877633943076 -0.00015959993081252411 7.0439630002665014e-06 0.00090366877047994801 0.00021059762293007225 0 0 0 0 -0.00052059793206197884 0.00030034733090886017 -0.00082211571349762383 0.00027599427756339978 -0.00018458830155432225
leaf_weight=23 34 23 30 34 153 309 611 40 42 28 43 80 138 25 51 21 55 27
leaf_count=23 34 23 30 34 153 309 611 40 42 28 43 80 138 25 51 21 55 27
internal_value=0 0.000114611 0.000306012 -4.59259e-05 -3.00669e-05 -5.07618e-06 -4.60132e-05 0.000407287 0.000603937 -0.000330056 -2.47959e-05 0.000142382 2.4629e-06 -0.000171219 8.22754e-05 -0.000497257 0.000169365 0
internal_weight=1767 497 217 1270 1236 1153 920 167 82 83 280 233 257 68 189 55 85 50
internal_count=1767 497 217 1270 1236 1153 920 167 82 83 280 233 257 68 189 55 85 50
is_linear=0
shrinkage=0.03


Tree=10
num_leaves=11
num_cat=0
split_feature=15 14 30 11 15 35 18 34 29 17
split_gain=0.00998697 0.0198157 0.0105489 0.00874017 0.00862623 0.0090873 0.00687845 0.00655849 0.0105666 0.00685721
threshold=3.2176233777198973 2.8786409602669614 -0.16017565818003462 0.66078331773331545 -1.0130348865548766 0.14029818587962442 1.1163978459824346 0.46046938201731313 -0.48916230805771038 -1.1256460173943108
decision_type=2 2 2 2 2 2 2 2 2 2
left_child=1 2 4 -2 5 -1 -6 8 -4 -9
right_child=3 -3 7 -5 6 -7 -8 9 -10 -11
leaf_value=0.00070973515410262798 0.00084949903708437212 -0.00086820258537773044 -0.00057410728039480202 0 6.980040773990055e-06 0 0.00030252771322349353 0.00032926187360023432 -8.9231826463552949e-05 -3.2978165690856958e-05
leaf_weight=36 20 21 48 22 618 27 81 49 357 488
leaf_count=36 20 21 48 22 618 27 81 49 357 488
internal_value=0 -1.21838e-05 0 0.000440499 8.26888e-05 0.000416818 4.66481e-05 -6.71678e-05 -0.00015785 0
internal_weight=1767 1725 1704 42 762 63 699 942 405 537
internal_count=1767 1725 1704 42 762 63 699 942 405 537
is_linear=0
shrinkage=0.03


Tree=11
num_leaves=11
num_cat=0
split_feature=22 11 33 34 35 11 28 28 19 34
split_gain=0.00953328 0.0116454 0.00668628 0.0112742 0.0191315 0.00903207 0.00723622 0.00466815 0.00439116 0.000686583
threshold=-1.1814317662749934 -1.5348424931889684 -0.29252023169806601 -1.2859099397174849 0.14500361638768455 0.96686183564716921 -0.66738989476742716 0.27655260108462693 -0.82339961521242133 -0.14598574524035138
decision_type=2 2 2 2 2 2 2 2 2 2
left_child=-1 9 3 6 -5 8 -3 -7 -4 -2
right_child=1 2 5 4 -6 7 -8 -9 -10 -11
leaf_value=-0.0004770706043503172 0.00062090427992650518 0.00034122319515068634 -0.00010166970090974888 0.00047295491650156153 -4.1778166693095239e-05 -0.00031833347130304896 -0.0001186460787602078 0 3.2503342170461355e-05 0.00016956353173840655
leaf_weight=34 23 31 311 133 105 141 214 36 700 39
leaf_count=34 23 31 311 133 105 141 214 36 700 39
internal_value=0 9.56677e-06 -3.97687e-06 8.77885e-05 0.000235725 -4.39316e-05 -4.49379e-05 -0.000240267 -5.99057e-06 0.00040408
internal_weight=1767 1733 1671 483 238 1188 245 177 1011 62
internal_count=1767 1733 1671 483 238 1188 245 177 1011 62
is_linear=0
shrinkage=0.03


Tree=12
num_leaves=11
num_cat=0
split_feature=15 14 30 11 15 35 14 28 29 29
split_gain=0.00941581 0.0186329 0.00970307 0.00813119 0.00803175 0.00839475 0.00664307 0.00528763 0.0100211 0.00590149
threshold=3.2176233777198973 2.8786409602669614 -0.16017565818003462 0.66078331773331545 -1.0130348865548766 0.14029818587962442 -0.21004944369762454 -0.52893855867331241 -0.48916230805771038 -0.48306057139995229
decision_type=2 2 2 2 2 2 2 2 2 2
left_child=1 2 4 -2 5 -1 -6 8 -4 -9
right_child=3 -3 7 -5 6 -7 -8 9 -10 -11
leaf_value=0.00068355737028356922 0.00082244638598564525 -0.00084173214953625576 -0.00057343335273018212 0 -5.4140105701020839e-05 0 0.0001273738192998882 0.00021049448566650664 0 -6.1401018890032974e-05
leaf_weight=36 20 21 48 22 303 27 396 73 67 754
leaf_count=36 20 21 48 22 303 27 396 73 67 754
internal_value=0 -1.1654e-05 0 0.000427903 7.94632e-05 0.000402031 4.45232e-05 -6.42601e-05 -0.000256295 -3.3112e-05
internal_weight=1767 1725 1704 42 762 63 699 942 115 827
internal_count=1767 1725 1704 42 762 63 699 942 115 827
is_linear=0
shrinkage=0.03


Tree=13
num_leaves=10
num_cat=0
split_feature=22 11 29 20 29 26 29 29 25
split_gain=0.00900459 0.0109239 0.00725373 0.00658362 0.0122023 0.0079238 0.00170864 0.000806501 0.000418976
threshold=-1.1814317662749934 -1.5348424931889684 -0.50130310050422844 0.27043078559458467 -0.46487316386223204 0.074517062285846369 -0.50278769217751196 -0.42719212167377968 -0.72656764357646053
decision_type=2 2 2 2 2 2 2 2 2
left_child=-1 7 6 4 -4 -5 -3 8 -2
right_child=1 2 3 5 -6 -7 -8 -9 -10
leaf_value=-0.00046356643236720481 0.0001087441838690606 -7.6059974105899265e-06 -0.00010223755990500328 -1.1427091535974556e-05 0.00012842888981458398 -0.00029240634431202046 -0.00051738371662795539 2.2974777582061024e-05 0.00065668253649026152
leaf_weight=34 20 24 280 550 678 112 27 20 22
leaf_count=34 20 24 280 550 678 112 27 20 22
internal_value=0 9.38978e-06 -3.67141e-06 5.90322e-06 5.77803e-05 -6.45803e-05 -0.000346794 0.000391486 0.000487071
internal_weight=1767 1733 1671 1620 958 662 51 62 42
internal_count=1767 1733 1671 1620 958 662 51 62 42
is_linear=0
shrinkage=0.03


Tree=14
num_leaves=10
num_cat=0
split_feature=15 14 30 20 11 11 32 33 21
split_gain=0.00874409 0.0176135 0.00912085 0.00852141 0.0103178 0.00767444 0.00627572 0.0052988 0.00452214
threshold=3.2176233777198973 2.8786409602669614 -0.16017565818003462 -1.7346950749900822 1.706019198710208 0.66078331773331545 -0.33363826965510796 1.1805503522273877 -0.95335282268921751
decision_type=2 2 2 2 2 2 2 2 2
left_child=1 2 3 -1 -5 -2 7 -4 -8
right_child=5 -3 6 4 -6 -7 8 -9 -10
leaf_value=0.00058330916459672151 0.00079548655231685749 -0.00081839458097238095 -0.00015757817434002521 8.550735171166811e-05 -0.00035312609736341984 0 8.3479051109085353e-05 0.00016360772159846338 -0.00013440682082104964
leaf_weight=27 20 21 53 688 47 22 79 164 646
leaf_count=27 20 21 53 688 47 22 79 164 646
internal_value=0 -1.13423e-05 0 7.70308e-05 5.20722e-05 0.00041224 -6.23139e-05 7.0446e-05 -0.000106298
internal_weight=1767 1725 1704 762 735 42 942 217 725
internal_count=1767 1725 1704 762 735 42 942 217 725
is_linear=0
shrinkage=0.03


Tree=15
num_leaves=21
num_cat=0
split_feature=25 11 30 35 35 26 28 17 22 11 34 23 26 14 19 25 28 8 28 33
split_gain=0.00845473 0.0114947 0.0118617 0.00831756 0.00723926 0.00668229 0.00784409 0.00927117 0.00722078 0.00794872 0.00621774 0.00565016 0.00395053 0.00386605 0.00486344 0.0025325 0.00217675 0.0026275 0.00167026 0.000320245
threshold=0.52875041988732241 1.5895353188826469 -0.15033704789151667 0.13715388254952671 -0.21422001789691617 0.96283455285636899 0.64512204504375426 -0.54271211711571787 -1.1814317662749934 -0.61569816808935862 -1.2331306660472932 -0.98147607448497876 1.0000000180025095e-35 0.37495488819743211 0.19092071561878185 0.73448762444592652 -0.65623978036932729 0.54990848272080028 -0.15320302966668478 -0.2516087227638954
decision_type=2 2 2 2 2 2 2 2 2 2 2 2 2 2 2 2 2 2 2 2
left_child=4 2 3 10 11 8 7 -7 -6 -10 -2 18 -3 14 -4 -15 -13 -18 -1 -5
right_child=1 12 13 19 5 6 -8 -9 9 -11 -12 16 -14 15 -16 -17 17 -19 -20 -21
leaf_value=0.00063353803122173191 0 0 4.803917417153139e-05 0 -0.00044886485794307416 -6.5690801685689846e-06 0.00016927195975505226 -0.00053344673062912819 0.00012769549785363895 -7.0851803327773907e-05 0.00061982727208954229 0.00029246300111686725 -0.00058874950719663231 0 -0.00028924955975275765 0.00029716421160846945 3.3671905671043101e-05 -0.00025688793729846917 8.2228266791771007e-05 0.00011317275876179337
leaf_weight=20 28 25 73 43 34 64 24 85 241 669 89 20 20 22 58 52 119 31 28 22
leaf_count=20 28 25 73 43 34 64 24 85 241 669 89 20 20 22 58 52 119 31 28 22
internal_value=0 0.000114385 0.000172611 0.000347153 -3.78587e-05 -7.04248e-05 -0.000243256 -0.00033147 -3.49131e-05 -1.47368e-05 0.000497905 0.000114122 -0.000303347 4.56267e-07 -8.20391e-05 0.000182963 1.21412e-05 -1.06289e-05 0.000394519 2.16867e-05
internal_weight=1767 432 387 182 1335 1117 173 149 944 910 117 218 45 205 131 74 170 150 48 65
internal_count=1767 432 387 182 1335 1117 173 149 944 910 117 218 45 205 131 74 170 150 48 65
is_linear=0
shrinkage=0.03


Tree=16
num_leaves=20
num_cat=0
split_feature=25 13 28 33 35 11 26 26 28 34 32 11 23 25 34 28 9 29 28
split_gain=0.00795278 0.0109819 0.0105232 0.00707972 0.00691233 0.00640353 0.00639151 0.00628342 0.00746774 0.00645416 0.00830609 0.00556265 0.00538626 0.00495168 0.00278176 0.00206301 0.00254082 0.0015661 0.00151904
threshold=0.52875041988732241 1.7558388748443592 -0.35126721866858734 -1.6343121610420714 -0.21422001789691617 1.0395025872185102 0.18008239965963246 0.96283455285636899 0.64512204504375426 -0.17429398427603085 -0.33363826965510796 -0.64617179686286674 -0.98147607448497876 1.7080235185937589 1.8646370617630867 -0.65623978036932729 -0.20510870584452168 -0.46147702558722176 -0.15320302966668478
decision_type=2 2 2 2 2 2 2 2 2 2 2 2 2 2 2 2 2 2 2
left_child=4 2 3 -2 12 -5 14 9 17 11 -11 -6 18 -8 -4 -14 -17 -9 -1
right_child=1 -3 6 5 7 -7 13 8 -10 10 -12 -13 15 -15 -16 16 -18 -19 -20
leaf_value=0.00061701095503066542 -1.4855978640514417e-05 -0.00032878022258851813 0.00023258986648182724 0.00047190528896989516 0.00025300266694058804 1.6066205116029855e-05 -0.00045878649463411425 -0.00044158429288789327 0.00016475804283335387 0.00015126064850099302 -0.00014835112947894887 -1.4638191006174977e-07 0.00028483354465772763 0 -7.5073048638802463e-05 0.00010019286615449384 -0.00013672015630427804 -0.00013840825703841431 8.0000144902676819e-05
leaf_weight=20 37 39 74 142 96 52 37 78 24 88 495 265 20 31 20 68 82 71 28
leaf_count=20 37 39 74 142 96 52 37 78 24 88 495 265 20 31 20 68 82 71 28
internal_value=0 0.000111071 0.000164456 0.000293657 -3.65869e-05 0.000367055 -3.58301e-06 -6.84537e-05 -0.000236148 -3.3903e-05 -9.74644e-05 6.04616e-05 0.000111832 -0.000236253 0.000135905 1.1813e-05 -9.85307e-06 -0.000322438 0.000385711
internal_weight=1767 432 393 231 1335 194 162 1117 173 944 583 361 218 68 94 170 150 149 48
internal_count=1767 432 393 231 1335 194 162 1117 173 944 583 361 218 68 94 170 150 149 48
is_linear=0
shrinkage=0.03


Tree=17
num_leaves=11
num_cat=0
split_feature=15 14 30 24 15 11 11 34 35 11
split_gain=0.00803913 0.016309 0.00799647 0.00769805 0.00855691 0.00854177 0.00686754 0.00563028 0.00720013 0.00455514
threshold=3.2176233777198973 2.8786409602669614 -0.16017565818003462 -1.228189875129414 -0.25668545970196582 1.706019198710208 0.66078331773331545 0.46046938201731313 0.32748894482639274 1.007817381916565
decision_type=2 2 2 2 2 2 2 2 2 2
left_child=1 2 3 4 -1 -5 -2 8 -4 -9
right_child=6 -3 7 5 -6 -7 -8 9 -10 -11
leaf_value=0.00077896450816428858 0.00075825144407217914 -0.00078714548505377021 -0.00022030588657054312 6.6731291093501946e-05 7.0590975855837666e-05 -0.0003350391015037894 0 3.8148825074583194e-05 4.353035281863932e-05 -0.00022715345806500407
leaf_weight=26 20 21 296 630 59 47 22 474 109 63
leaf_count=26 20 21 296 630 59 47 22 474 109 63
internal_value=0 -1.05481e-05 0 7.24909e-05 0.00034053 3.3072e-05 0.000395614 -5.79801e-05 -0.000142147 3.79373e-07
internal_weight=1767 1725 1704 762 85 677 42 942 405 537
internal_count=1767 1725 1704 762 85 677 42 942 405 537
is_linear=0
shrinkage=0.03


Tree=18
num_leaves=23
num_cat=0
split_feature=33 34 35 17 28 30 31 32 29 35 21 31 12 29 26 34 16 31 11 28 11 26
split_gain=0.00740198 0.0136111 0.0199383 0.00863814 0.00997837 0.00820236 0.00562003 0.00854132 0.00554493 0.00550092 0.00505408 0.00419101 0.00414185 0.0034089 0.00538425 0.00329701 0.00283146 0.00255207 0.00250638 0.000848135 0.00134737 0.000765428
threshold=-0.29252023169806601 -1.1662366250497731 0.14500361638768455 1.2259481373633667 -0.53196093783314369 -0.2043356891817899 -0.17060779470608209 -0.33363826965510796 -0.50091028100830248 0.10308293641977688 -0.95335282268921751 -2.428326161174561 -0.59197012997939502 -0.107151772347947 -0.15845471674595663 -1.495502061912042 -0.61148298164040094 -0.21467376743622227 -0.40517595693541603 -0.61424356219079446 -1.3263575041949525 -0.49729205451627673
decision_type=2 2 2 2 2 2 2 2 2 2 2 2 2 2 2 2 2 2 2 2 2 2
left_child=1 11 3 4 -3 9 8 18 16 -2 -9 -1 -11 14 -13 -15 -7 -10 -8 20 -4 -21
right_child=5 2 19 -5 -6 6 7 10 17 12 -12 13 -14 15 -16 -17 -18 -19 -20 21 -22 -23
leaf_value=-0.00039460925431922082 0 0.00095576245454986647 0 0 0.00017341098863180376 3.5815813060455376e-05 0 0.00010167830591785492 0.00037325998540281466 -3.261273411044384e-05 -0.00013782306488455617 0 -0.00078004055617955225 0 -0.00048944082532222544 0.00026991523167978611 -0.00029657828736190611 8.7437300354945461e-05 0.00018471958490168946 0.00015208043383900074 -0.00026213834075800453 0
leaf_weight=23 36 52 20 24 37 24 100 74 54 21 616 42 26 138 26 51 36 154 129 32 24 28
leaf_count=23 36 52 20 24 37 24 100 74 54 21 616 42 26 138 26 51 36 154 129 32 24 28
internal_value=0 9.76918e-05 0.000275888 0.000546852 0.000679385 -3.8531e-05 -1.53284e-05 -5.276e-05 0.000101122 -0.000323363 -0.000107479 -3.12699e-05 -0.000528078 0 -0.00017203 7.09613e-05 -0.000120627 0.000180111 9.84419e-05 0 -0.000116939 4.37545e-05
internal_weight=1767 497 217 113 89 1270 1187 919 268 83 690 280 47 257 68 189 60 208 229 104 44 60
internal_count=1767 497 217 113 89 1270 1187 919 268 83 690 280 47 257 68 189 60 208 229 104 44 60
is_linear=0
shrinkage=0.03


Tree=19
num_leaves=9
num_cat=0
split_feature=22 11 29 11 18 14 29 29
split_gain=0.00766499 0.00950244 0.00662011 0.00595459 0.0069457 0.0040873 0.00139102 0.000772189
threshold=-1.1814317662749934 -1.5348424931889684 -0.50130310050422844 1.405036041771764 0.78105641515695334 0.17908528051698105 -0.50278769217751196 -0.42719212167377968
decision_type=2 2 2 2 2 2 2 2
left_child=-1 7 6 4 -4 -5 -3 -2
right_child=1 2 3 5 -6 -7 -8 -9
leaf_value=-0.00042731074919622088 0.0004563760155423855 -7.7713343109482726e-06 0 0 0.00018584282582588982 -0.00030395503849079184 -0.00048866274449974295 9.3667261990839955e-06
leaf_weight=34 42 24 1276 53 206 85 27 20
leaf_count=34 42 24 1276 53 206 85 27 20
internal_value=0 9.05989e-06 -3.00143e-06 6.06612e-06 2.55211e-05 -0.000177685 -0.000330921 0.000365421
internal_weight=1767 1733 1671 1620 1482 138 51 62
internal_count=1767 1733 1671 1620 1482 138 51 62
is_linear=0
shrinkage=0.03


Tree=20
num_leaves=7
num_cat=0
split_feature=15 14 22 20 11 11
split_gain=0.00750364 0.0151182 0.00727186 0.00693239 0.00642627 0.0062956
threshold=3.2176233777198973 2.8786409602669614 -1.1814317662749934 -1.7346950749900822 1.706019198710208 0.66078331773331545
decision_type=2 2 2 2 2 2
left_child=1 2 -1 -4 -5 -2
right_child=5 -3 3 4 -6 -7
leaf_value=-0.00041553083607121497 0.00072962223685791965 -0.00075778487324714653 0.00040494362452479364 1.2286236639286341e-05 -0.00029209846670810995 0
leaf_weight=34 20 21 36 1572 62 22
leaf_count=34 20 21 36 1572 62 22
internal_value=0 -1.00719e-05 0 9.65764e-06 0 0.000382331
internal_weight=1767 1725 1704 1670 1634 42
internal_count=1767 1725 1704 1670 1634 42
is_linear=0
shrinkage=0.03


Tree=21
num_leaves=11
num_cat=0
split_feature=15 14 30 15 22 14 11 32 33 21
split_gain=0.00712697 0.0143343 0.00719536 0.00710098 0.0206555 0.00888715 0.00596227 0.00500258 0.004753 0.00395916
threshold=3.2176233777198973 2.8786409602669614 -0.16017565818003462 -0.39891356691651642 -0.37378653338718676 -0.23397425649953726 0.66078331773331545 -0.33363826965510796 1.1805503522273877 -0.95335282268921751
decision_type=2 2 2 2 2 2 2 2 2 2
left_child=1 2 3 4 -1 -5 -2 8 -4 -9
right_child=6 -3 7 5 -6 -7 -8 9 -10 -11
leaf_value=2.4308818994359169e-05 0.00071058860901014316 -0.00073789301849319601 -0.00015233844682162662 -0.00026386654431189528 0.00060022932263474333 6.0526523515429679e-05 0 8.2510437441580905e-05 0.00015173233817789835 -0.00012094191387504639
leaf_weight=237 20 21 53 93 76 356 22 79 164 646
leaf_count=237 20 21 53 93 76 356 22 79 164 646
internal_value=0 -9.82434e-06 0 6.88236e-05 0.000178013 -1.33223e-06 0.000372603 -5.49387e-05 6.27652e-05 -9.44031e-05
internal_weight=1767 1725 1704 762 313 449 42 942 217 725
internal_count=1767 1725 1704 762 313 449 42 942 217 725
is_linear=0
shrinkage=0.03


Tree=22
num_leaves=18
num_cat=0
split_feature=33 34 30 19 28 28 22 16 17 33 28 19 29 29 29 30 30
split_gain=0.00685351 0.0126948 0.00779454 0.00672296 0.00674013 0.00984505 0.00634659 0.00621514 0.00592365 0.00432461 0.00391474 0.00380284 0.00417704 0.00366979 0.00236672 0.00123146 0.000617622
threshold=-0.29252023169806601 -1.1662366250497731 -0.2043356891817899 -0.31022555720880968 -0.66802018379244599 -0.45211893533691799 -1.1814317662749934 -0.7878292796193157 -0.043527377553592789 -0.016348638290147752 -0.66738989476742716 0.46554865963998943 0.033055298219284733 -0.40041220443254072 2.6592433904114388 -0.2346498321021748 -0.24257516771220386
decision_type=2 2 2 2 2 2 2 2 2 2 2 2 2 2 2 2 2
left_child=1 10 9 15 -5 -6 -4 13 -9 16 -1 14 -13 -8 -12 -3 -2
right_child=2 3 6 4 5 -7 7 8 -10 -11 11 12 -14 -15 -16 -17 -18
leaf_value=0.00022674967072525761 -0.00015744023761362768 0.00010848698064756507 -0.00040116087843135398 0 0.00059590907289631869 0 0.00022123157290871646 -0.0001442412280128757 1.2839887367104709e-05 0 2.7404438482424266e-05 -0.00056394440847049867 0 0 -0.00029539094779276005 -0.00016353452843613923 -0.00064769444499036355
leaf_weight=37 29 23 34 27 100 40 153 309 611 28 161 25 37 80 20 27 26
leaf_count=37 29 23 34 27 100 40 153 309 611 28 161 25 37 80 20 27 26
internal_value=0 9.41259e-05 -3.69531e-05 0.000266277 0.000356861 0.000440244 -1.42747e-05 0 -3.6966e-05 -0.000314586 -3.0099e-05 -8.36911e-05 -0.000281359 0.00013549 0 0 -0.000462435
internal_weight=1767 497 1270 217 167 140 1187 1153 920 83 280 243 62 233 181 50 55
internal_count=1767 497 1270 217 167 140 1187 1153 920 83 280 243 62 233 181 50 55
is_linear=0
shrinkage=0.03


Tree=23
num_leaves=23
num_cat=0
split_feature=33 34 35 17 28 11 22 20 29 19 29 14 31 29 17 34 30 34 28 11 22 16
split_gain=0.00644964 0.0119835 0.0174925 0.00792879 0.0087635 0.0076309 0.00630342 0.0053006 0.00773785 0.00695369 0.00423848 0.00910676 0.0037821 0.0031232 0.003761 0.00310083 0.00211319 0.00241496 0.000840368 0.00123788 0.000712408 0.000440704
threshold=-0.29252023169806601 -1.1662366250497731 0.14500361638768455 1.2259481373633667 -0.47282191658956468 0.96686183564716921 -1.1814317662749934 0.56748646864416508 -0.35457836573368146 -0.82339961521242133 -0.47373571450766222 -0.12344623864334069 -2.428326161174561 -0.107151772347947 0.28038702568255308 -1.495502061912042 0.26933356290758631 0.39870946304768068 -0.61424356219079446 -1.3263575041949525 -0.31942652998992205 1.1139414424892133
decision_type=2 2 2 2 2 2 2 2 2 2 2 2 2 2 2 2 2 2 2 2 2 2
left_child=1 12 3 4 -3 6 -2 9 -9 -8 11 -7 -1 14 -14 -15 17 -12 19 -4 -20 -18
right_child=5 2 18 -5 -6 10 7 8 -10 -11 16 -13 13 15 -16 -17 21 -19 20 -21 -22 -23
leaf_value=-0.00037454727600113702 -0.00039010184569712226 0.00079457615171365115 0 0 0 0 -5.5462374087137113e-05 3.6591768145535754e-05 -0.0002366049362125446 0.00013065957198136501 0 -0.00085937091502665474 -0.00033854790925017919 0 3.2406543464665964e-05 0.00026122374592200183 0.00011522452263161539 -0.00039251896699175372 0.00014244287208604967 -0.00025390072703723688 0 -4.6880946680903367e-06
leaf_weight=23 34 69 20 24 20 21 273 177 163 446 52 23 43 138 25 51 27 32 35 24 25 22
leaf_count=23 34 69 20 24 20 21 273 177 163 446 52 23 43 138 25 51 27 32 35 24 25 22
internal_value=0 9.10979e-05 0.000258413 0.000512215 0.000639039 -3.60594e-05 -3.43534e-06 7.22093e-06 -8.65595e-05 5.58982e-05 -0.000217436 -0.000483898 -2.93353e-05 0 -0.000164307 6.82404e-05 -9.8495e-05 -0.000192355 0 -0.000115453 4.53997e-05 6.52949e-06
internal_weight=1767 497 217 113 89 1270 1093 1059 340 719 177 44 280 257 68 189 133 84 104 44 60 49
internal_count=1767 497 217 113 89 1270 1093 1059 340 719 177 44 280 257 68 189 133 84 104 44 60 49
is_linear=0
shrinkage=0.03


Tree=24
num_leaves=8
num_cat=0
split_feature=15 14 20 11 30 11 29
split_gain=0.00657354 0.0131 0.0064856 0.00578268 0.00663813 0.00542637 0.00165205
threshold=3.2176233777198973 2.8786409602669614 -1.7346950749900822 1.706019198710208 -0.16017565818003462 0.66078331773331545 0.1871185297068205
decision_type=2 2 2 2 2 2 2
left_child=1 2 -1 4 -4 -2 -5
right_child=5 -3 3 6 -6 -7 -8
leaf_value=0.00038249041749021181 0.00068002115076650741 -0.00070575256989104671 7.2593817925759174e-05 0 -5.0332679633078269e-05 0 -0.00042940034708511589
leaf_weight=36 20 21 688 28 918 22 34
leaf_count=36 20 21 688 28 918 22 34
internal_value=0 -9.74397e-06 0 -8.86693e-06 5.00889e-07 0.000357526 -0.000286501
internal_weight=1767 1725 1704 1668 1606 42 62
internal_count=1767 1725 1704 1668 1606 42 62
is_linear=0
shrinkage=0.03


Tree=25
num_leaves=23
num_cat=0
split_feature=25 11 31 35 35 26 28 17 34 28 11 34 23 26 11 26 34 24 28 15 28 33
split_gain=0.00628075 0.00848053 0.00988229 0.00843905 0.00625149 0.00531264 0.00708437 0.0087468 0.0050018 0.00876331 0.00687109 0.00496089 0.00481917 0.00351176 0.00410943 0.00340491 0.00322855 0.00212868 0.00340097 0.00112089 0.000770487 0.000315183
threshold=0.47825695169325511 1.5895353188826469 -0.14649421042522023 0.13715388254952671 -0.21422001789691617 0.96283455285636899 0.64512204504375426 -0.54271211711571787 -0.13479851896790337 -0.50597668545993224 -0.64617179686286674 -1.2150958085258103 -0.98147607448497876 0.18008239965963246 -0.46704224408870593 1.0000000180025095e-35 1.8646370617630867 0.27233413721494387 -0.58960066514917264 0.51455875267418028 -0.15320302966668478 -0.20723881684444032
decision_type=2 2 2 2 2 2 2 2 2 2 2 2 2 2 2 2 2 2 2 2 2 2
left_child=4 2 3 11 12 8 7 -7 10 -10 -6 -2 20 16 -15 -3 -4 19 -19 -14 -1 -5
right_child=1 15 13 21 5 6 -8 -9 9 -11 -12 -13 17 14 -16 -17 -18 18 -20 -21 -22 -23
leaf_value=0.00056314011820106087 6.3854367660550237e-06 0 0.00016960397230661873 0 0.00023936440907150076 0 0.00016650037585188529 -0.00051165592625641561 -0.00027012977730336873 -9.1091199556863654e-07 -2.9405530952047608e-05 0.00055741388491166628 -0.0002734120635387416 -0.00037432883104775101 0 -0.00053196240403264271 -0.00011701941603914255 0.00031441501398264183 0 0 8.7905560875491741e-05 0.00010654211689950896
leaf_weight=20 31 25 124 54 114 64 24 81 170 356 268 91 23 37 44 20 34 38 79 20 28 22
leaf_count=20 31 25 124 54 114 64 24 81 170 356 268 91 23 37 44 20 34 38 79 20 28 22
internal_value=0 9.15613e-05 0.000136966 0.000292087 -3.50984e-05 -6.59616e-05 -0.000222185 -0.00030886 -3.29558e-05 -9.46304e-05 4.42513e-05 0.000444912 0.000109155 0 -0.000150649 -0.00026787 8.82608e-05 8.30932e-06 9.09329e-05 -0.000142555 0.000366221 1.20929e-06
internal_weight=1767 482 437 198 1285 1077 169 145 908 526 382 122 208 239 81 45 158 160 117 43 48 76
internal_count=1767 482 437 198 1285 1077 169 145 908 526 382 122 208 239 81 45 158 160 117 43 48 76
is_linear=0
shrinkage=0.03


Tree=26
num_leaves=24
num_cat=0
split_feature=25 11 30 35 35 26 29 19 29 34 32 23 11 34 26 26 11 34 29 11 8 30 33
split_gain=0.00591208 0.00851917 0.00901545 0.00699075 0.00565395 0.00507602 0.0055711 0.00562142 0.00516177 0.00494539 0.0072304 0.00471764 0.00471017 0.00464438 0.00322016 0.00300457 0.00446724 0.0028273 0.00169232 0.00275511 0.00203054 0.000222428 0.000200345
threshold=0.52875041988732241 1.5895353188826469 -0.15033704789151667 0.13715388254952671 -0.21422001789691617 0.96283455285636899 -0.46566185781642916 0.41944329374847306 -0.48306057139995229 -0.17429398427603085 -0.19043790819675518 -0.98147607448497876 -0.50244449921443457 -1.2331306660472932 1.0000000180025095e-35 0.18008239965963246 -0.46704224408870593 1.8646370617630867 0.77152082051501047 0.41404994488188823 0.54990848272080028 0.15865693800141409 -0.2516087227638954
decision_type=2 2 2 2 2 2 2 2 2 2 2 2 2 2 2 2 2 2 2 2 2 2 2
left_child=4 2 3 13 11 9 8 -8 -7 12 -11 21 -6 -2 -3 17 -17 -4 19 -13 -20 -1 -5
right_child=1 14 15 22 5 6 7 -9 -10 10 -12 18 -14 -15 -16 16 -18 -19 20 -21 -22 -23 -24
leaf_value=0.00052879284391098703 0 0 0.000183560680423115 0 0.00019185727783738654 -0.00013857430693658314 0.00011243479047239257 -0.000328487649175986 -0.00078046428463939162 7.4781586882811596e-05 -0.00015178011913188035 0 -2.0617254642627509e-05 0.00054127115218042209 -0.00051808513799155855 -0.00038405641342035017 7.2022593340079728e-06 -0.00010807041444711323 0 0.00034735950578710642 -0.00028914724340055336 0.00010010757319809448 8.492587555199861e-05
leaf_weight=20 28 25 100 43 137 50 62 37 24 158 425 76 224 89 20 34 45 26 43 26 25 28 22
leaf_count=20 28 25 100 43 137 50 62 37 24 158 425 76 224 89 20 34 45 26 43 26 25 28 22
internal_value=0 9.56071e-05 0.000146481 0.000298483 -3.17014e-05 -6.07057e-05 -0.000211638 -2.77573e-05 -0.000408013 -2.92948e-05 -8.51912e-05 0.000102145 5.2692e-05 0.000435638 -0.00026122 0 -0.000132492 9.90132e-05 7.56295e-06 9.8537e-05 -8.50422e-05 0.000358148 0
internal_weight=1767 432 387 182 1335 1117 173 99 74 944 583 218 361 117 45 205 79 126 170 102 68 48 65
internal_count=1767 432 387 182 1335 1117 173 99 74 944 583 218 361 117 45 205 79 126 170 102 68 48 65
is_linear=0
shrinkage=0.03


Tree=27
num_leaves=9
num_cat=0
split_feature=22 11 29 24 11 29 29 25
split_gain=0.00575258 0.0080533 0.00613975 0.00547674 0.00568417 0.00122028 0.000651242 7.65586e-05
threshold=-1.1814317662749934 -1.5348424931889684 -0.50130310050422844 -1.6154218783150547 1.405036041771764 -0.50278769217751196 -0.42719212167377968 -0.72656764357646053
decision_type=2 2 2 2 2 2 2 2
left_child=-1 6 5 -4 -5 -3 7 -2
right_child=1 2 3 4 -6 -7 -8 -9
leaf_value=-0.00037053091289173507 8.1751344786228035e-05 -6.1670180714119989e-06 -0.00044113246695633276 3.2954396242649765e-05 -0.00016477592423170599 -0.00046902230088599021 0 0.00055951997648924588
leaf_weight=34 20 24 21 1461 138 27 20 22
leaf_count=34 20 24 21 1461 138 27 20 22
internal_value=0 7.49317e-06 -3.47224e-06 5.19079e-06 1.37402e-05 -0.000319207 0.000335703 0.000419295
internal_weight=1767 1733 1671 1620 1599 51 62 42
internal_count=1767 1733 1671 1620 1599 51 62 42
is_linear=0
shrinkage=0.03


Tree=28
num_leaves=7
num_cat=0
split_feature=15 14 20 22 11 11
split_gain=0.00603569 0.0120005 0.00573093 0.00520591 0.00545639 0.00484735
threshold=3.2176233777198973 2.8786409602669614 -1.7346950749900822 -1.1814317662749934 1.706019198710208 0.66078331773331545
decision_type=2 2 2 2 2 2
left_child=1 2 -1 -4 -5 -2
right_child=5 -3 3 4 -6 -7
leaf_value=0.00035946973411605891 0.00064746405389767305 -0.00067556645241711522 -0.00036031627423929155 1.0671631906880066e-05 -0.00026979713400539294 0
leaf_weight=36 20 21 34 1572 62 22
leaf_count=36 20 21 34 1572 62 22
internal_value=0 -9.40681e-06 0 -8.41454e-06 0 0.000342514
internal_weight=1767 1725 1704 1668 1634 42
internal_count=1767 1725 1704 1668 1634 42
is_linear=0
shrinkage=0.03


Tree=29
num_leaves=16
num_cat=0
split_feature=15 33 34 35 30 28 17 31 32 29 11 28 10 33 33
split_gain=0.0057354 0.00509917 0.00989668 0.00901261 0.00710602 0.00611994 0.00550478 0.00520587 0.00512565 0.00479102 0.00458765 0.00361527 0.00346206 0.00179092 0.000525486
threshold=3.2176233777198973 -0.31020928794839631 -1.1662366250497731 0.14500361638768455 -0.2043356891817899 -0.64922027084474443 1.2259481373633667 -0.17060779470608209 -0.33363826965510796 -0.50130310050422844 0.66078331773331545 -0.66738989476742716 0.30994177908036463 -0.23580081504445652 -0.56452925617466521
decision_type=2 2 2 2 2 2 2 2 2 2 2 2 2 2 2
left_child=1 2 11 6 5 -3 -4 9 -9 -6 -2 -1 -13 -7 -5
right_child=10 4 3 14 7 13 -8 8 -10 -11 -12 12 -14 -15 -16
leaf_value=0.00021588224197073488 0.00063057369539392706 -0.00071922686912119385 0.00053386516059502297 -0.00010292225143097436 -0.00012507015340164988 4.0351848603914603e-05 0 6.2114311110647507e-05 -9.7717374249527581e-05 0.0001631965536840896 0 0 -0.00022994711152762951 -0.00019824779764501013 5.4402787316316138e-05
leaf_weight=37 20 22 82 26 54 20 23 220 673 214 22 156 87 58 53
leaf_count=37 20 22 82 26 54 20 23 220 673 214 22 156 87 58 53
internal_value=0 -9.17333e-06 7.32655e-05 0.000244297 -4.1983e-05 -0.000282968 0.000422424 -1.79732e-05 -5.49168e-05 9.33013e-05 0.000333881 -2.99244e-05 -8.17231e-05 -0.000100803 0
internal_weight=1767 1725 464 184 1261 100 105 1161 893 268 42 280 243 78 79
internal_count=1767 1725 464 184 1261 100 105 1161 893 268 42 280 243 78 79
is_linear=0
shrinkage=0.03


Tree=30
num_leaves=11
num_cat=0
split_feature=15 14 30 15 22 14 34 29 17 16
split_gain=0.00544711 0.0111143 0.00544984 0.00603352 0.0179606 0.00791151 0.00460642 0.00794581 0.0058313 0.00437866
threshold=3.2176233777198973 2.8786409602669614 -0.16017565818003462 -0.39891356691651642 -0.37378653338718676 -0.23397425649953726 0.46046938201731313 -0.48916230805771038 -1.1256460173943108 0.2597179079390069
decision_type=2 2 2 2 2 2 2 2 2 2
left_child=1 2 3 4 -1 -5 7 -4 -8 -2
right_child=9 -3 6 5 -6 -7 8 -9 -10 -11
leaf_value=1.6559881635021155e-05 0.00059017878960119564 -0.00064994481360190542 -0.00048491738248626729 -0.00025225212851364635 0.00055399625204633212 5.3335534964944627e-05 0.00031077301721625894 -6.3951612908446501e-05 -2.1948510813943235e-05 0
leaf_weight=237 22 21 48 93 76 356 49 357 488 20
leaf_count=237 22 21 48 93 76 356 49 357 488 20
internal_value=0 -8.85257e-06 0 5.97011e-05 0.00016057 -4.57687e-06 -4.80105e-05 -0.000124396 4.41385e-06 0.000325473
internal_weight=1767 1725 1704 762 313 449 942 405 537 42
internal_count=1767 1725 1704 762 313 449 942 405 537 42
is_linear=0
shrinkage=0.03


Tree=31
num_leaves=11
num_cat=0
split_feature=15 14 30 15 22 14 34 29 17 11
split_gain=0.00516116 0.0105386 0.00515542 0.00570933 0.0169097 0.00745754 0.00435926 0.00748523 0.00550611 0.00423684
threshold=3.2176233777198973 2.8786409602669614 -0.16017565818003462 -0.39891356691651642 -0.37378653338718676 -0.23397425649953726 0.46046938201731313 -0.48916230805771038 -1.1256460173943108 0.66078331773331545
decision_type=2 2 2 2 2 2 2 2 2 2
left_child=1 2 3 4 -1 -5 7 -4 -8 -2
right_child=9 -3 6 5 -6 -7 8 -9 -10 -11
leaf_value=1.6069295438956029e-05 0.00060180717677576459 -0.00063288373973409754 -0.00047122559882523894 -0.0002449210502090864 0.00053800750074943493 5.1748840921363223e-05 0.00030198770782086429 -6.2049052525738562e-05 -2.1294079011412508e-05 0
leaf_weight=237 20 21 48 93 76 356 49 357 488 22
leaf_count=237 20 21 48 93 76 356 49 357 488 22
internal_value=0 -8.61503e-06 0 5.80714e-05 0.0001562 -4.28006e-06 -4.66902e-05 -0.000121005 4.1629e-06 0.000316817
internal_weight=1767 1725 1704 762 313 449 942 405 537 42
internal_count=1767 1725 1704 762 313 449 942 405 537 42
is_linear=0
shrinkage=0.03


Tree=32
num_leaves=9
num_cat=0
split_feature=22 13 29 24 13 29 25 16
split_gain=0.00503024 0.00575657 0.00491986 0.00501642 0.00431446 0.00217525 0.00413929 0.00206275
threshold=-1.1814317662749934 -1.6600146965938027 -0.50130310050422844 -1.6154218783150547 1.5822589194549466 -0.43130912051375636 -1.1190459457654856 -0.62222346950660079
decision_type=2 2 2 2 2 2 2 2
left_child=-1 5 7 -4 -5 6 -2 -3
right_child=1 2 3 4 -6 -7 -8 -9
leaf_value=-0.00034645309080715871 0 0 -0.00042123614858428481 2.761319001370885e-05 -0.00018377018390747251 0 0.00063658142317500372 -0.00041643512637043993
leaf_weight=34 22 21 21 1505 87 20 24 33
leaf_count=34 22 21 21 1505 87 20 24 33
internal_value=0 7.04325e-06 -2.2879e-06 5.56417e-06 1.38567e-05 0.000276056 0.000383752 -0.000277412
internal_weight=1767 1733 1667 1613 1592 66 46 54
internal_count=1767 1733 1667 1613 1592 66 46 54
is_linear=0
shrinkage=0.03


Tree=33
num_leaves=20
num_cat=0
split_feature=33 34 35 30 17 28 22 13 17 35 28 12 12 18 35 20 28 26 8
split_gain=0.0049304 0.0100008 0.0142588 0.00716519 0.00625073 0.0077803 0.00453444 0.00452576 0.00572184 0.00384941 0.00340492 0.00334457 0.00324608 0.00297612 0.00279353 0.00257676 0.000804591 0.000659536 0.000239218
threshold=-0.29252023169806601 -1.1662366250497731 0.14500361638768455 -0.2043356891817899 1.2259481373633667 -0.55795672594182366 -1.1814317662749934 -0.8093503084677528 -0.043527377553592789 0.10308293641977688 -0.66738989476742716 -0.59197012997939502 0.12592565483974974 1.0000000180025095e-35 -0.07358688810753751 0.058248154844884437 -0.61424356219079446 -0.49729205451627673 -0.14119304490133713
decision_type=2 2 2 2 2 2 2 2 2 2 2 2 2 2 2 2 2 2 2
left_child=1 10 4 9 5 -3 -5 13 -9 -2 -1 -11 14 -8 -12 -14 18 -18 -4
right_child=3 2 16 6 -6 -7 7 8 -10 11 12 -13 15 -15 -16 -17 17 -19 -20
leaf_value=0.00020778855859389297 0 0.00088669355642826591 0 -0.00033690221119684645 0 0.00019890697246359196 0.0002190629099754151 -0.00013341776302084967 2.0431784144239065e-05 -1.3612580703920677e-05 0.0002010347762736682 -0.00069696643551940031 0 0 -7.7887371297534122e-05 -0.00031931735223390286 0.00014393250847601196 0 -0.00018347695832562747
leaf_weight=37 36 42 23 34 24 47 122 314 620 21 46 26 48 97 85 64 32 28 21
leaf_count=37 36 42 23 34 24 47 122 314 620 21 46 26 48 97 85 64 32 28 21
internal_value=0 7.93782e-05 0.00023255 -3.17951e-05 0.000461729 0.000574419 -9.98409e-06 0 -2.83505e-05 -0.000297606 -2.99363e-05 -0.000470775 -8.04208e-05 0.000122292 0 -0.000198088 0 4.56866e-05 -0.000112291
internal_weight=1767 497 217 1270 113 89 1187 1153 934 83 280 47 243 219 131 112 104 60 44
internal_count=1767 497 217 1270 113 89 1187 1153 934 83 280 47 243 219 131 112 104 60 44
is_linear=0
shrinkage=0.03


Tree=34
num_leaves=7
num_cat=0
split_feature=15 14 20 11 22 16
split_gain=0.00475768 0.00980296 0.00496624 0.00467883 0.00451663 0.00386594
threshold=3.2176233777198973 2.8786409602669614 -1.7346950749900822 1.9012697086541832 -1.1814317662749934 0.2597179079390069
decision_type=2 2 2 2 2 2
left_child=1 2 -1 4 -4 -2
right_child=5 -3 3 -5 -6 -7
leaf_value=0.00033467585599730504 0.00055272836677730086 -0.000610539716661151 -0.00032761464716915382 -0.00032833855463541113 7.6528605514124599e-06 0
leaf_weight=36 22 21 34 37 1597 20
leaf_count=36 22 21 34 37 1597 20
internal_value=0 -8.45561e-06 0 -7.78618e-06 0 0.000303987
internal_weight=1767 1725 1704 1668 1631 42
internal_count=1767 1725 1704 1668 1631 42
is_linear=0
shrinkage=0.03


Tree=35
num_leaves=21
num_cat=0
split_feature=25 11 30 34 26 35 26 31 17 11 34 23 24 35 18 29 24 25 14 16
split_gain=0.00469068 0.00703249 0.0105496 0.00858778 0.00494203 0.00493915 0.00471161 0.00601105 0.00658107 0.00473844 0.00461167 0.00431948 0.00417072 0.00353841 0.00273593 0.00230151 0.00186402 0.00138402 0.00113813 0.000671392
threshold=0.52875041988732241 1.2008906019960166 -0.15033704789151667 -1.3018216094956083 0.049673744354298208 -0.21422001789691617 0.96283455285636899 0.80401511296456751 -0.54271211711571787 -0.61569816808935862 -0.14598574524035138 -0.98147607448497876 -1.6033208782155035 0.13668468172508894 0.76009352677761877 -0.46886185501230687 0.27233413721494387 0.049185617099545852 0.5201667071769196 1.3156003077178389
decision_type=2 2 2 2 2 2 2 2 2 2 2 2 2 2 2 2 2 2 2 2
left_child=5 2 3 -2 19 11 9 8 -8 10 -7 -1 -11 -5 15 -4 18 -18 -13 -3
right_child=1 4 14 13 -6 6 7 -9 -10 12 -12 16 -14 -15 -16 -17 17 -19 -20 -21
leaf_value=0.0003413241954986006 0 0.00013302117173612539 0.00014958605274338933 0.00061850087771987694 -0.000402016343610248 0.00020962541675831759 -3.3807738183705415e-07 0.00014545875725785403 -0.00045281207315803895 -0.00046625946776010095 -2.2505027124698614e-05 -0.00026355582855952281 -4.9984517993036161e-05 0.00013402742810430935 0.00030228327891381921 -0.00010623090893849232 0.00018452503596104252 0 0 -4.0482230368070299e-05
leaf_weight=48 39 28 31 69 34 125 64 25 84 22 144 24 653 42 21 137 58 67 21 31
leaf_count=48 39 28 31 69 34 125 64 25 84 22 144 24 653 42 21 137 58 67 21 31
internal_value=0 8.50431e-05 0.000152401 0.000337599 -0.000126327 -2.83522e-05 -5.55955e-05 -0.000200821 -0.000280909 -2.52614e-05 7.54552e-05 9.65236e-05 -6.99798e-05 0.000469853 0 -3.96866e-05 5.34212e-06 8.05937e-05 -0.000133163 0
internal_weight=1767 432 339 150 93 1335 1117 173 148 944 269 218 675 111 189 168 170 125 45 59
internal_count=1767 432 339 150 93 1335 1117 173 148 944 269 218 675 111 189 168 170 125 45 59
is_linear=0
shrinkage=0.03


Tree=36
num_leaves=11
num_cat=0
split_feature=15 14 30 24 30 15 34 29 17 11
split_gain=0.00448869 0.00916158 0.00464218 0.00581774 0.00586243 0.00569203 0.00399808 0.00682635 0.00499755 0.00365972
threshold=3.2176233777198973 2.8786409602669614 -0.16017565818003462 -1.228189875129414 -0.17201774983357812 -0.25668545970196582 0.46046938201731313 -0.48916230805771038 -1.1256460173943108 0.66078331773331545
decision_type=2 2 2 2 2 2 2 2 2 2
left_child=1 2 3 5 -5 -1 7 -4 -8 -2
right_child=9 -3 6 4 -6 -7 8 -9 -10 -11
leaf_value=0.00064840998301475203 0.0005601417138848616 -0.00059028725282405509 -0.00045057436039068683 0 0.00035524724466482767 5.6151580176271132e-05 0.00028788867250729636 -5.8962511453986126e-05 -2.0008659336309077e-05 0
leaf_weight=26 20 21 48 636 41 59 49 357 488 22
leaf_count=26 20 21 48 636 41 59 49 357 488 22
internal_value=0 -8.2326e-06 0 5.4903e-05 2.01699e-05 0.000287333 -4.45078e-05 -0.0001157 3.974e-06 0.000295248
internal_weight=1767 1725 1704 762 677 85 942 405 537 42
internal_count=1767 1725 1704 762 677 85 942 405 537 42
is_linear=0
shrinkage=0.03


Tree=37
num_leaves=20
num_cat=0
split_feature=33 11 33 35 15 25 28 35 15 28 19 22 20 16 16 26 20 5 28
split_gain=0.00443822 0.00663174 0.00616222 0.00879052 0.00724961 0.00550992 0.00504305 0.00388095 0.00354853 0.0051205 0.0043641 0.00350711 0.00398958 0.00303109 0.0013215 0.000820583 0.000739359 0.000239497 0.000230839
threshold=-0.29252023169806601 0.96686183564716921 -0.36921314132838129 0.14756697432787741 -0.9734782206093987 0.81657785174470343 -0.50935974285194352 0.60663603442072722 0.44769931048655581 -0.65021711582344732 0.19092071561878185 -1.1814317662749934 0.56748646864416508 1.2281535373047634 1.2449769533390389 0.32152419011885663 0.56748646864416508 0.38872571841123621 0.21936019211890681
decision_type=2 2 2 2 2 2 2 2 2 2 2 2 2 2 2 2 2 2 2
left_child=2 5 4 -4 -1 11 -7 13 10 -10 -6 -2 -13 -3 18 -8 -5 -15 -9
right_child=1 7 3 16 8 6 15 14 9 -11 -12 12 -14 17 -16 -17 -18 -19 -20
leaf_value=0.00040285490825772285 -0.00031792853775117988 -0.00050215119086351482 0.00079963502643629904 0.00016709870417885804 8.4117987800894644e-06 0.00041453254923073794 0.00011657884389472504 0 0.00039622297556361004 0 -0.00021742456861303643 2.6037910145521349e-05 -0.00010557779610201696 -0.00012085937212912306 -0.00016585684423586604 -5.2532860867517149e-05 -3.1236413022270421e-05 0 0.00011648735013139749
leaf_weight=39 34 49 22 20 174 48 42 21 38 74 109 632 294 28 34 43 21 20 25
leaf_count=39 34 49 22 20 174 48 42 21 38 74 109 632 294 28 34 43 21 20 25
internal_value=0 -3.01946e-05 7.52833e-05 0.000349765 2.64466e-05 0 0.000176255 -0.000199014 -5.9365e-06 0.000126086 -6.94499e-05 -2.76074e-05 -1.27261e-05 -0.000325905 -2.79563e-06 0 2.12719e-06 -6.82081e-05 5.92789e-05
internal_weight=1767 1270 497 63 434 1093 133 177 395 112 283 960 926 97 80 85 41 48 46
internal_count=1767 1270 497 63 434 1093 133 177 395 112 283 960 926 97 80 85 41 48 46
is_linear=0
shrinkage=0.03


Tree=38
num_leaves=27
num_cat=0
split_feature=33 34 35 11 25 34 28 35 23 34 34 23 31 28 29 26 34 34 14 16 28 11 26 11 28 24
split_gain=0.00422859 0.00898205 0.0126936 0.00629615 0.00520279 0.00510143 0.00476199 0.00368253 0.00375509 0.00366505 0.00636507 0.00393808 0.00321597 0.00286355 0.00281672 0.00422348 0.00250278 0.00197512 0.00153286 0.00124909 0.000758024 0.00094412 0.000624829 0.00025763 0.000219862 0.000203396
threshold=-0.29252023169806601 -1.1662366250497731 0.14500361638768455 0.96686183564716921 0.81657785174470343 -0.77547555776203336 -0.50935974285194352 0.60663603442072722 -0.25767077564043955 0.46046938201731313 0.19116295172648715 0.10423187378183009 -2.428326161174561 -0.56950674472740381 -0.107151772347947 -0.15845471674595663 -1.495502061912042 0.10759222373730161 0.37495488819743211 1.2449769533390389 -0.61280856269780093 -1.3263575041949525 -0.49729205451627673 0.99236437912545716 0.21936019211890681 0.18762713651808496
decision_type=2 2 2 2 2 2 2 2 2 2 2 2 2 2 2 2 2 2 2 2 2 2 2 2 2 2
left_child=1 12 5 4 9 13 -6 8 17 10 -2 -11 -1 -3 15 -14 -16 -5 -8 24 21 -4 -22 -7 -9 -10
right_child=3 2 20 7 6 23 18 19 25 11 -12 -13 14 -15 16 -17 -18 -19 -20 -21 22 -23 -24 -25 -26 -27
leaf_value=-0.00034765352769933926 -1.7824891790584891e-05 0.00036398232534366591 0 -0.00075935527078807357 0.00040282809516579353 0.0009026556979432436 -6.4137562323594467e-05 0 0 0.00012690747454466081 -0.00027951951276507968 -4.5788687536285421e-05 0 0 0 -0.0004391806771143757 0.00023551251485736836 -0.00015331018401957408 0.00018120337137619833 -0.00016128458392277763 0.00014262104035108622 -0.00022382144083206052 0 0.0002453607479002802 0.00011336715297511545 -0.00010503306594657022
leaf_weight=23 404 36 20 22 48 25 53 21 26 215 114 227 42 32 138 26 51 29 32 34 31 25 28 20 25 20
leaf_count=23 404 36 20 22 48 25 53 21 26 215 114 227 42 32 138 26 51 29 32 34 31 25 28 20 25 20
internal_value=0 7.35547e-05 0.000218891 -2.94033e-05 0 0.000435149 0.000171284 -0.000193895 -0.000317508 -2.68163e-05 -8.2454e-05 3.17628e-05 -2.96067e-05 0.000190981 0 -0.000158886 6.21937e-05 -0.000497959 0 -1.80999e-06 0 -0.000107333 4.56565e-05 0.000706618 5.74959e-05 -3.79793e-05
internal_weight=1767 497 217 1270 1093 113 133 177 97 960 518 442 280 68 257 68 189 51 85 80 104 45 59 45 46 46
internal_count=1767 497 217 1270 1093 113 133 177 97 960 518 442 280 68 257 68 189 51 85 80 104 45 59 45 46 46
is_linear=0
shrinkage=0.03


Tree=39
num_leaves=20
num_cat=0
split_feature=33 34 35 30 34 22 16 29 35 28 29 12 12 28 35 25 28 22 8
split_gain=0.00402263 0.00855456 0.0120986 0.0065935 0.00482146 0.00377628 0.00482201 0.00488127 0.00335424 0.00317286 0.0031184 0.00303817 0.00282746 0.00271441 0.0024686 0.00167287 0.000707367 0.000573927 0.000215176
threshold=-0.29252023169806601 -1.1662366250497731 0.14500361638768455 -0.2043356891817899 -0.77547555776203336 -1.1814317662749934 -0.7878292796193157 -0.50176259449433103 0.10308293641977688 -0.66738989476742716 -0.40041220443254072 0.12592565483974974 -0.59197012997939502 -0.56950674472740381 -0.07358688810753751 -0.56839827186958136 -0.61424356219079446 -0.31942652998992205 -0.14119304490133713
decision_type=2 2 2 2 2 2 2 2 2 2 2 2 2 2 2 2 2 2 2
left_child=1 9 4 8 13 -5 10 -8 -2 -1 -7 14 -10 -3 -11 -13 18 -18 -4
right_child=3 2 16 5 -6 6 7 -9 12 11 -12 15 -14 -15 -16 -17 17 -19 -20
leaf_value=0.00019995022698349204 0 0.00035390281441281194 0 -0.0003062662777988039 0.00068944685359747376 0.00020196137607546492 -0.00037987048955027215 -1.1890379732135337e-05 -1.1099967203335829e-05 0.00018939691334452044 0 0 -0.00065593869298503828 0 -7.2617687466183927e-05 -0.00024562264018949416 0.00012875305589496797 0 -0.00017282984096527799
leaf_weight=37 36 36 23 34 45 153 32 888 21 46 80 20 26 32 85 92 35 25 21
leaf_count=37 36 36 23 34 45 153 32 888 21 46 80 20 26 32 85 92 35 25 21
internal_value=0 7.16347e-05 0.000213518 -2.87825e-05 0.000424655 -7.77368e-06 0 -2.9133e-05 -0.000283599 -2.88219e-05 0.000122758 -7.78642e-05 -0.000445772 0.000185445 0 -0.000191693 0 4.24273e-05 -0.00010551
internal_weight=1767 497 217 1270 113 1187 1153 920 83 280 233 243 47 68 131 112 104 60 44
internal_count=1767 497 217 1270 113 1187 1153 920 83 280 233 243 47 68 131 112 104 60 44
is_linear=0
shrinkage=0.03


Tree=40
num_leaves=20
num_cat=0
split_feature=11 33 34 20 32 34 29 33 33 14 21 15 15 20 17 24 9 34 10
split_gain=0.00399476 0.00556736 0.00784731 0.00854348 0.00386318 0.00471425 0.00435114 0.00295988 0.00284459 0.00275085 0.00383481 0.00247667 0.00311612 0.00209649 0.00174525 0.00159622 0.00132038 0.00122974 0.000113697
threshold=1.405036041771764 -0.29252023169806601 -1.1662366250497731 0.20677599636967475 -0.33363826965510796 1.4315311076281172 -0.29539420783909348 0.98731913719402964 1.9793365082353549 0.17908528051698105 0.27858589225800495 0.42193789708126678 -0.55214508318824318 1.3207348078056012 -1.1256460173943108 -1.1313818743330037 0.33822279664544314 -0.65581512418173082 1.2587908648653643
decision_type=2 2 2 2 2 2 2 2 2 2 2 2 2 2 2 2 2 2 2
left_child=1 2 11 17 7 6 -6 -3 -9 15 18 12 -1 -5 -13 -2 -7 -4 -11
right_child=9 4 3 13 5 16 -8 8 -10 10 -12 14 -14 -15 -16 -17 -18 -19 -20
leaf_value=6.7208908456978532e-05 0.00020838968576762177 -0.0001283364943859245 0.00023871852091833718 -6.5948414269951161e-05 0 -7.9279192214016724e-06 -0.00016548474933815135 0.00018715786626398255 -6.4844641712790522e-05 -6.4773474797839294e-05 -0.00048095498571346974 0 -0.00017681940880073753 0.00020487727331391608 0.00026491445529141594 -0.00010333435534408724 -0.0005421338557549145 0.00065831908753607429 0
leaf_weight=59 20 33 57 57 766 21 167 176 30 22 37 21 105 36 39 38 20 37 26
leaf_count=59 20 33 57 57 766 21 167 176 30 22 37 21 105 36 39 38 20 37 26
internal_value=0 1.28129e-05 0.000108872 0.000250996 -1.7456e-05 -4.60264e-05 -2.81073e-05 8.57077e-05 0.0001357 -0.000150983 -0.000256815 0 -7.14344e-05 1.07636e-05 0.000147832 0 -0.000355894 0.000450061 -7.08825e-06
internal_weight=1767 1624 411 187 1213 974 933 239 206 143 85 224 164 93 60 58 41 94 48
internal_count=1767 1624 411 187 1213 974 933 239 206 143 85 224 164 93 60 58 41 94 48
is_linear=0
shrinkage=0.03


Tree=41
num_leaves=22
num_cat=0
split_feature=25 13 28 35 26 28 17 26 21 33 26 23 25 26 35 33 24 28 26 14 28
split_gain=0.00392935 0.00557512 0.00710886 0.00441537 0.00436931 0.00603588 0.00654955 0.00444876 0.00615476 0.00434575 0.00432124 0.00387903 0.00355794 0.0034151 0.00300058 0.00196708 0.0018356 0.00258958 0.00157211 0.000948737 0.000241233
threshold=0.47825695169325511 1.7558388748443592 -0.3663441384675537 -0.21422001789691617 0.96283455285636899 0.64512204504375426 -0.54271211711571787 0.6122510541909213 0.25951947541297543 -1.6343121610420714 0.18008239965963246 -0.98147607448497876 1.7080235185937589 -0.6099125939612573 0.13715388254952671 1.9793365082353549 0.27233413721494387 -0.58960066514917264 0.083110898851291276 0.5201667071769196 -0.15320302966668478
decision_type=2 2 2 2 2 2 2 2 2 2 2 2 2 2 2 2 2 2 2 2 2
left_child=3 2 9 11 7 6 -6 13 -9 -2 15 20 -12 -5 -11 -4 19 -18 -3 -13 -1
right_child=1 18 10 4 5 -7 -8 8 -10 14 12 16 -14 -15 -16 -17 17 -19 -20 -21 -22
leaf_value=0.00048126999597044906 -1.2489247794292164e-05 0 0.00015593533233103951 0 0 0.00015905834007490837 -0.00045302248961317149 0 0.00046981461394046036 0.00036314733209825739 -0.00038028331924314524 -0.00025981520218192598 0 -0.00012160847140138279 6.4819940866777856e-05 -7.5608691813672076e-05 0.00027414812075070722 0 -0.00040498488448033841 0 7.5952400385792684e-05
leaf_weight=20 38 20 94 406 64 24 81 106 32 132 41 23 32 364 77 28 38 79 20 20 28
leaf_count=20 38 20 94 406 64 24 81 106 32 132 41 23 32 364 77 28 38 79 20 20 28
internal_value=0 7.1985e-05 0.000107822 -2.81856e-05 -5.4426e-05 -0.000195821 -0.000276863 -2.42578e-05 0.000124517 0.000214794 -1.37249e-05 9.23082e-05 -0.000203939 -5.5182e-05 0.000269861 7.82549e-05 3.2703e-07 7.91001e-05 -0.000234143 -0.000139972 0.000322034
internal_weight=1767 482 442 1285 1077 169 145 908 138 247 195 208 73 770 209 122 160 117 40 43 48
internal_count=1767 482 442 1285 1077 169 145 908 138 247 195 208 73 770 209 122 160 117 40 43 48
is_linear=0
shrinkage=0.03


Tree=42
num_leaves=11
num_cat=0
split_feature=15 14 30 15 22 14 34 29 17 11
split_gain=0.00387113 0.00814466 0.0038911 0.00495087 0.0138093 0.00629513 0.00344118 0.0062359 0.00453047 0.00292643
threshold=3.2176233777198973 2.8786409602669614 -0.16017565818003462 -0.39891356691651642 -0.37378653338718676 -0.23397425649953726 0.46046938201731313 -0.48953552673211681 -1.1256460173943108 0.66078331773331545
decision_type=2 2 2 2 2 2 2 2 2 2
left_child=1 2 3 4 -1 -5 7 -4 -8 -2
right_child=9 -3 6 5 -6 -7 8 -9 -10 -11
leaf_value=1.3914218543887811e-05 0.00051122543687012257 -0.00055666078148351522 -0.00043434470755262882 -0.00022869085260208521 0.00048700828658405074 4.3231519466421443e-05 0.00027426823112070378 -5.3449673875995101e-05 -1.8796550002073075e-05 0
leaf_weight=237 20 21 46 93 76 356 49 359 488 22
leaf_count=237 20 21 46 93 76 356 49 359 488 22
internal_value=0 -7.8587e-06 0 5.01684e-05 0.000141814 -7.5978e-06 -4.08453e-05 -0.00010694 3.76452e-06 0.000273955
internal_weight=1767 1725 1704 762 313 449 942 405 537 42
internal_count=1767 1725 1704 762 313 449 942 405 537 42
is_linear=0
shrinkage=0.03


Tree=43
num_leaves=18
num_cat=0
split_feature=11 25 34 32 26 28 30 30 11 30 14 21 24 14 35 14 30
split_gain=0.00380702 0.00724759 0.00355299 0.00867387 0.00445779 0.0046384 0.00414647 0.00366027 0.003446 0.00831141 0.00253531 0.00336958 0.00230297 0.00223616 0.0020155 0.00147625 0.000122942
threshold=1.405036041771764 0.81657785174470343 -0.13938742932302725 -0.33363826965510796 1.0265565375206733 -0.65680050194605089 -0.075751892006948846 -0.11068365412780239 1.0493322832897818 -0.15033704789151667 0.17908528051698105 0.27858589225800495 0.35704113791180286 0.93869602283531062 0.13715388254952671 -0.23397425649953726 -0.49746939692276354
decision_type=2 2 2 2 2 2 2 2 2 2 2 2 2 2 2 2 2
left_child=1 2 4 12 7 -6 -5 -1 9 14 15 16 -4 -11 -3 -2 -12
right_child=10 8 3 6 5 -7 -8 -9 -10 13 11 -13 -14 -15 -16 -17 -18
leaf_value=0.00011836759302155366 -0.00013791105211203103 0.00058186584292460391 0.00024262090945955026 -0.00020097874198722398 -0.00049269399588927631 0 -3.0984739453644062e-05 -6.9793314906134142e-05 -2.430025663233135e-05 -4.1896105542643147e-05 -6.5355268394341677e-05 -0.00046049067831954743 7.2422552386423861e-06 0.00026070934826982143 4.1239128978922956e-05 0.00014999985505801305 0
leaf_weight=429 29 53 74 268 22 55 347 95 34 69 24 37 131 25 22 29 24
leaf_count=429 29 53 74 268 22 55 347 95 34 69 24 37 131 25 22 29 24
internal_value=0 1.24938e-05 -9.60134e-06 -5.18319e-05 4.3022e-05 -0.000153872 -0.000110534 7.83587e-05 0.00017961 0.000237784 -0.000147406 -0.000248955 0.000108905 1.32303e-05 0.000469429 0 -9.57715e-06
internal_weight=1767 1624 1421 820 601 77 615 524 203 169 143 85 205 94 75 58 48
internal_count=1767 1624 1421 820 601 77 615 524 203 169 143 85 205 94 75 58 48
is_linear=0
shrinkage=0.03


Tree=44
num_leaves=8
num_cat=0
split_feature=15 14 34 20 11 30 29
split_gain=0.00367775 0.00885974 0.00407216 0.00398814 0.00409047 0.00379048 0.0012548
threshold=2.3438384980083309 2.6272605608884914 -0.40459875593066419 -1.7346950749900822 1.706019198710208 -0.16017565818003462 0.1871185297068205
decision_type=2 2 2 2 2 2 2
left_child=1 3 -2 -1 5 -5 -6
right_child=2 -3 -4 4 6 -7 -8
leaf_value=0.00030355763569241389 0 -0.00059310758493476268 0.00046293318624157111 5.5474836661717512e-05 0 -3.7553050135072083e-05 -0.00036384859019764575
leaf_weight=35 20 20 29 684 28 917 34
leaf_count=35 20 20 29 684 28 917 34
internal_value=0 -8.24856e-06 0.000247793 0 -7.25659e-06 3.50628e-07 -0.000240798
internal_weight=1767 1718 49 1698 1663 1601 62
internal_count=1767 1718 49 1698 1663 1601 62
is_linear=0
shrinkage=0.03


Tree=45
num_leaves=19
num_cat=0
split_feature=11 25 31 11 33 32 34 34 28 32 14 14 21 32 29 14 26 10
split_gain=0.00353218 0.00670231 0.0037558 0.00676867 0.00351957 0.004421 0.0038864 0.00383538 0.00283048 0.0027312 0.00242433 0.00237043 0.00320323 0.00223919 0.00158454 0.00139969 0.000956045 0.000106766
threshold=1.405036041771764 0.81657785174470343 -0.14649421042522023 1.0395025872185102 -0.31020928794839631 -0.33363826965510796 1.3944278659137403 -1.1662366250497731 -0.66223947952210993 -0.61118804245112301 0.93869602283531062 0.17908528051698105 0.27858589225800495 0.037800892813040936 -0.073893684139445401 -0.23397425649953726 0.25085958639513151 1.2587908648653643
decision_type=2 2 2 2 2 2 2 2 2 2 2 2 2 2 2 2 2 2
left_child=1 4 3 13 7 9 -7 14 -9 -6 16 15 17 -3 -1 -2 -4 -13
right_child=11 2 10 -5 5 6 -8 8 -10 -11 -12 12 -14 -15 -16 -17 -18 -19
leaf_value=-0.00014006306286366873 -0.00013393359305700867 0.00053207180536757662 0 -4.9946136907674358e-05 -8.4955995393102052e-05 -5.2120325934878244e-05 -0.00038909535297716502 0 0.00026149239619308875 0.00014511872377241084 0.00024515553650615568 -6.2565587869612495e-05 -0.00044619488148309752 0 3.8471737568784922e-05 0.000146383270309002 -0.00015967844295664688 0
leaf_weight=58 29 59 33 22 45 832 33 31 110 160 30 22 37 20 152 29 39 26
leaf_count=58 29 59 33 22 45 832 33 31 110 160 30 22 37 20 152 29 39 26
internal_value=0 1.18868e-05 0.000172632 0.000302355 -9.28543e-06 -3.81654e-05 -6.97326e-05 6.98559e-05 0.000189651 7.96945e-05 1.06412e-05 -0.000142124 -0.000240323 0.000435287 0 0 -5.29707e-05 -5.89504e-06
internal_weight=1767 1624 203 101 1421 1070 865 351 141 205 102 143 85 79 210 58 72 48
internal_count=1767 1624 203 101 1421 1070 865 351 141 205 102 143 85 79 210 58 72 48
is_linear=0
shrinkage=0.03


Tree=46
num_leaves=12
num_cat=0
split_feature=22 10 17 34 34 7 29 29 35 34 25
split_gain=0.00345508 0.0044573 0.00445437 0.00490952 0.0055536 0.00470367 0.00437585 0.00406166 0.00373214 0.00318053 0.00266394
threshold=-1.1814317662749934 -1.3257872889248128 0.010342702028107607 1.2922671940436832 -1.495502061912042 -0.34738427637216995 -0.45408382310895345 -0.39484586721859449 0.021087743555356711 -0.4449142437724764 -1.3350175347000295
decision_type=2 2 2 2 2 2 2 2 2 2 2
left_child=-1 7 5 4 -4 9 -5 10 -7 -3 -2
right_child=1 2 3 6 -6 8 -8 -9 -10 -11 -12
leaf_value=-0.00028765603914979621 0 0.00015857767755531898 -0.0001541464660661983 -0.00051479794599115845 8.8796376767083063e-05 0 0 -5.7219908547787219e-06 -0.00020004088671154858 -3.8517674234593677e-05 0.00039316498225402588
leaf_weight=34 20 100 85 22 737 144 43 39 257 224 62
leaf_count=34 20 100 85 22 737 144 43 39 257 224 62
internal_value=0 5.25675e-06 -6.27496e-06 3.66593e-05 5.9569e-05 -6.28583e-05 -0.000198789 0.000179514 -0.000132057 1.40367e-05 0.000300001
internal_weight=1767 1733 1612 887 822 725 65 121 401 324 82
internal_count=1767 1733 1612 887 822 725 65 121 401 324 82
is_linear=0
shrinkage=0.03


Tree=47
num_leaves=17
num_cat=0
split_feature=15 7 18 34 20 29 18 8 24 25 34 18 34 15 19 15
split_gain=0.00338471 0.00384475 0.00569422 0.00368541 0.00366316 0.0040342 0.00398313 0.00329505 0.00264652 0.00261379 0.00282609 0.00258153 0.00248346 0.00182327 0.00173922 0.000995151
threshold=2.3438384980083309 -0.46664270867720004 0.76009352677761877 -0.40459875593066419 0.3659129694319499 -0.46062119611067875 -0.51614602414907973 0.16847077204038827 0.17552613641853371 -0.98212386649327643 -1.495502061912042 1.0000000180025095e-35 -1.3370642693889716 -0.14937377451823544 -0.11979058493277793 -1.0006509838369093
decision_type=2 2 2 2 2 2 2 2 2 2 2 2 2 2 2 2
left_child=1 4 7 -2 6 14 13 11 -9 -4 -11 -3 -7 -1 -6 -8
right_child=3 2 9 -5 5 12 15 8 -10 10 -12 -13 -14 -15 -16 -17
leaf_value=0.00027176104146174043 0 2.5276017223831682e-05 -0.00010135411054527918 0.00044180080150090363 0 7.6461444819208484e-05 0.00015794165753393297 -0.00022952992867081773 -3.2709937216024719e-05 -0.00011319593647203873 0.00017657063729615861 -0.00010496081161863912 -0.00014218643140947792 1.2676731041238568e-05 0.00038966926932334898 -2.9559103965324796e-05
leaf_weight=130 20 291 39 29 21 41 28 197 149 21 179 221 181 62 21 137
leaf_count=130 20 291 39 29 21 41 28 197 149 21 179 221 181 62 21 137
internal_value=0 -8.24833e-06 -4.34506e-05 0.000237339 4.90389e-05 -2.66885e-05 0.000113128 -8.1252e-05 -0.000154378 7.9183e-05 0.000130144 -2.53982e-05 -8.79911e-05 0.000204965 0.000214937 0
internal_weight=1767 1718 1097 49 621 264 357 858 346 239 200 512 222 192 42 165
internal_count=1767 1718 1097 49 621 264 357 858 346 239 200 512 222 192 42 165
is_linear=0
shrinkage=0.03


Tree=48
num_leaves=17
num_cat=0
split_feature=13 25 31 8 35 23 17 16 35 34 15 9 14 3 23 19
split_gain=0.0032582 0.00551005 0.00411091 0.00365325 0.00307844 0.00447047 0.00390737 0.00585664 0.0029969 0.00290242 0.00280632 0.00280443 0.00150052 0.000914436 0.000873076 0.000487039
threshold=1.5822589194549466 0.81657785174470343 -0.14649421042522023 0.73834065240308477 0.010967109091073774 -0.98830442636087057 0.03943632954323837 -1.0079060280581691 0.13774126349535512 1.4315311076281172 0.35144184842921206 2.0661600863892233 0.26168434035121224 -0.17861968572016321 -0.12110373812260193 0.19793673336959147
decision_type=2 2 2 2 2 2 2 2 2 2 2 2 2 2 2 2
left_child=1 4 3 8 5 -1 7 -6 -3 -8 -7 14 15 -14 -2 -4
right_child=11 2 12 -5 6 10 9 -9 -10 -11 -12 -13 13 -15 -16 -17
leaf_value=0.0003822633024313594 -0.00046593320590909574 0.00046715521448510765 0 0 3.966911342692769e-05 -3.5099245364755793e-05 3.6625942771414494e-05 -0.00016535608313315007 0 -0.00022695486182391716 0.00013196149815129402 0 0.00025398100586496115 0 -3.5935279307886953e-05 -0.00016341276777509067
leaf_weight=33 25 64 20 20 158 233 515 363 23 36 132 38 23 25 27 32
leaf_count=33 25 64 20 20 158 233 515 363 23 36 132 38 23 25 27 32
internal_value=0 8.61802e-06 0.000153324 0.000280203 -9.99304e-06 5.80869e-05 -3.81513e-05 -9.75832e-05 0.000363997 1.28538e-05 1.77483e-05 -0.000173751 0 0.000129416 -0.000311349 -9.49924e-05
internal_weight=1767 1677 207 107 1470 398 1072 521 87 551 365 90 100 48 52 52
internal_count=1767 1677 207 107 1470 398 1072 521 87 551 365 90 100 48 52 52
is_linear=0
shrinkage=0.03


Tree=49
num_leaves=16
num_cat=0
split_feature=11 25 31 14 11 34 24 29 29 29 14 26 26 24 30
split_gain=0.00331297 0.0058987 0.00517041 0.0036773 0.00322989 0.00491185 0.00283882 0.00306814 0.0037256 0.00222956 0.0022085 0.00288048 0.00205553 0.0014207 0.000895736
threshold=1.405036041771764 0.66582720227746395 -0.15731529530789981 1.2992156586348094 1.0395025872185102 -0.85363031538238965 -1.6154218783150547 -0.50130310050422844 -0.48403167817554699 -0.50278769217751196 0.17908528051698105 0.81381217293766972 0.12191451024286423 -1.1313818743330037 -1.0166369958258172
decision_type=2 2 2 2 2 2 2 2 2 2 2 2 2 2 2
left_child=1 6 4 12 5 -3 -1 9 -9 -8 13 14 -4 -2 -12
right_child=10 2 3 -5 -6 -7 7 8 -10 -11 11 -13 -14 -15 -16
leaf_value=-0.0003305411008838564 0.00019405061983422415 0 1.6236515275707812e-05 0.00030536577440798282 0 0.00048688700099552222 0 0.00012489438683570281 -1.5681828585444409e-05 -0.00042827124798742056 -0.00021785917528904973 -0.00055237592926309651 -0.00020289733498449146 -0.00010031085446187317 0
leaf_weight=22 20 27 56 27 32 70 34 196 1083 23 21 20 54 38 44
leaf_count=22 20 27 56 27 32 70 34 196 1083 23 21 20 54 38 44
internal_value=0 1.13899e-05 0.000140688 0 0.000274934 0.000358952 -1.19866e-05 -3.77164e-06 3.76249e-06 -0.000214562 -0.000137756 -0.000232532 -6.73203e-05 0 -6.99728e-05
internal_weight=1767 1624 266 137 129 97 1358 1336 1279 57 143 85 110 58 65
internal_count=1767 1624 266 137 129 97 1358 1336 1279 57 143 85 110 58 65
is_linear=0
shrinkage=0.03


Tree=50
num_leaves=7
num_cat=0
split_feature=22 11 24 26 30 26
split_gain=0.00327384 0.00508376 0.00367822 0.00367492 0.012499 0.00508399
threshold=-1.1814317662749934 -1.5348424931889684 -1.6154218783150547 0.83272611891576609 -1.2349311487553452 0.6122510541909213
decision_type=2 2 2 2 2 2
left_child=-1 -2 -3 5 -5 -4
right_child=1 2 3 4 -6 -7
leaf_value=-0.00028016065427957957 0.00026597262396692084 -0.00037248540128348396 3.273965301130691e-06 0.00048372691968488025 -0.00015304624257809956 0.00021343314981174606
leaf_weight=34 62 21 1214 26 296 114
leaf_count=34 62 21 1214 26 296 114
internal_value=0 4.93774e-06 -3.41476e-06 1.35117e-07 -8.84084e-05 2.40091e-05
internal_weight=1767 1733 1671 1650 322 1328
internal_count=1767 1733 1671 1650 322 1328
is_linear=0
shrinkage=0.03


Tree=51
num_leaves=11
num_cat=0
split_feature=11 35 14 22 18 17 14 17 12 6
split_gain=0.00319809 0.00563216 0.00334631 0.0029995 0.00337231 0.00222624 0.00207157 0.00130868 0.00121506 0.000635047
threshold=1.405036041771764 -1.5419100261125487 3.5269233750542921 -1.1814317662749934 0.78105641515695334 0.0244457436040828 0.17908528051698105 0.73002580704009201 1.0273846708556729 0.55082473839271662
decision_type=2 2 2 2 2 2 2 2 2 2
left_child=1 5 3 -3 -5 -1 7 -2 -8 -10
right_child=6 2 -4 4 -6 -7 8 -9 9 -11
leaf_value=0 -0.00017758731413430168 -0.00027243730935859619 0.0003590453113884787 -1.6853229678355171e-05 0.00011290276423145396 0.00041617889001333556 0 0.0001050495985787498 -5.4849385013392956e-05 -0.00043672952531983354
leaf_weight=22 20 34 20 1303 206 39 25 38 31 29
leaf_count=22 20 34 20 1303 206 39 25 38 31 29
internal_value=0 1.11439e-05 0 -5.49406e-06 0 0.000286983 -0.00013539 0 -0.000227152 -0.000299051
internal_weight=1767 1624 1563 1543 1509 61 143 58 85 60
internal_count=1767 1624 1563 1543 1509 61 143 58 85 60
is_linear=0
shrinkage=0.03


Tree=52
num_leaves=18
num_cat=0
split_feature=13 25 31 14 35 34 9 35 23 26 28 28 28 26 24 34 33
split_gain=0.00297936 0.00482997 0.00526004 0.0029304 0.00256829 0.00322645 0.00254642 0.00250511 0.0044164 0.00427451 0.00444794 0.00383076 0.00242298 0.00180059 0.00175574 0.00111357 9.08322e-05
threshold=1.5822589194549466 0.66582720227746395 -0.14649421042522023 0.26168434035121224 0.13715388254952671 -1.1662366250497731 2.0661600863892233 0.010967109091073774 -0.98830442636087057 0.83272611891576609 0.57256759019479297 2.0435705070472365 0.7196241515432894 -0.040054916029890343 -1.3491998761249266 0.16500114100488647 -0.25452398693122269
decision_type=2 2 2 2 2 2 2 2 2 2 2 2 2 2 2 2 2
left_child=1 7 4 15 5 -3 13 8 -1 11 -11 -9 -5 -2 -10 -4 -6
right_child=6 2 3 12 16 -7 -8 9 14 10 -12 -13 -14 -15 -16 -17 -18
leaf_value=0.00036939972927211786 0 0 0 0 0 0.00042930431115968665 0 4.476392054578583e-06 0.00020725652172444138 -0.0002343167065930174 0.00015361373891811006 -0.00028397256937311144 0.00036482407158007843 -0.00046478681927546861 -6.2948104600382644e-06 -0.00021895016672631476 5.9617995304743864e-05
leaf_weight=33 25 21 21 40 27 74 38 812 34 157 20 40 22 27 307 49 20
leaf_count=33 25 21 21 40 27 74 38 812 34 157 20 40 22 27 307 49 20
internal_value=0 8.19883e-06 0.00012375 0 0.000248804 0.000339379 -0.000166187 -1.24499e-05 5.0439e-05 -3.82947e-05 -0.000171986 -6.50592e-06 0.000132823 -0.000297269 7.89855e-06 -0.000142897 0
internal_weight=1767 1677 274 132 142 95 90 1403 374 1029 177 852 62 52 341 70 47
internal_count=1767 1677 274 132 142 95 90 1403 374 1029 177 852 62 52 341 70 47
is_linear=0
shrinkage=0.03


end of trees

feature_importances:
Column_29=73
Column_11=66
Column_34=60
Column_28=48
Column_14=39
Column_35=38
Column_22=37
Column_26=36
Column_15=35
Column_30=35
Column_33=31
Column_17=23
Column_25=23
Column_20=21
Column_24=18
Column_31=16
Column_16=13
Column_32=12
Column_23=11
Column_19=10
Column_13=8
Column_18=8
Column_12=7
Column_21=7
Column_8=6
Column_10=5
Column_9=4
Column_7=2
Column_3=1
Column_4=1
Column_5=1
Column_6=1

parameters:
[boosting: gbdt]
[objective: regression]
[metric: l2]
[tree_learner: serial]
[device_type: cpu]
[data_sample_strategy: bagging]
[data: ]
[valid: ]
[num_iterations: 200]
[learning_rate: 0.03]
[num_leaves: 31]
[num_threads: 40]
[seed: 42]
[deterministic: 0]
[force_col_wise: 0]
[force_row_wise: 0]
[histogram_pool_size: -1]
[max_depth: 5]
[min_data_in_leaf: 20]
[min_sum_hessian_in_leaf: 0.001]
[bagging_fraction: 0.8]
[pos_bagging_fraction: 1]
[neg_bagging_fraction: 1]
[bagging_freq: 0]
[bagging_seed: 400]
[bagging_by_query: 0]
[feature_fraction: 0.8]
[feature_fraction_bynode: 1]
[feature_fraction_seed: 30056]
[extra_trees: 0]
[extra_seed: 12879]
[early_stopping_round: 0]
[early_stopping_min_delta: 0]
[first_metric_only: 0]
[max_delta_step: 0]
[lambda_l1: 0.1]
[lambda_l2: 3]
[linear_lambda: 0]
[min_gain_to_split: 0]
[drop_rate: 0.1]
[max_drop: 50]
[skip_drop: 0.5]
[xgboost_dart_mode: 0]
[uniform_drop: 0]
[drop_seed: 17869]
[top_rate: 0.2]
[other_rate: 0.1]
[min_data_per_group: 100]
[max_cat_threshold: 32]
[cat_l2: 10]
[cat_smooth: 10]
[max_cat_to_onehot: 4]
[top_k: 20]
[monotone_constraints: ]
[monotone_constraints_method: basic]
[monotone_penalty: 0]
[feature_contri: ]
[forcedsplits_filename: ]
[refit_decay_rate: 0.9]
[cegb_tradeoff: 1]
[cegb_penalty_split: 0]
[cegb_penalty_feature_lazy: ]
[cegb_penalty_feature_coupled: ]
[path_smooth: 0]
[interaction_constraints: ]
[verbosity: -1]
[saved_feature_importance_type: 0]
[use_quantized_grad: 0]
[num_grad_quant_bins: 4]
[quant_train_renew_leaf: 0]
[stochastic_rounding: 1]
[linear_tree: 0]
[max_bin: 255]
[max_bin_by_feature: ]
[min_data_in_bin: 3]
[bin_construct_sample_cnt: 200000]
[data_random_seed: 175]
[is_enable_sparse: 1]
[enable_bundle: 1]
[use_missing: 1]
[zero_as_missing: 0]
[feature_pre_filter: 1]
[pre_partition: 0]
[two_round: 0]
[header: 0]
[label_column: ]
[weight_column: ]
[group_column: ]
[ignore_column: ]
[categorical_feature: ]
[forcedbins_filename: ]
[precise_float_parser: 0]
[parser_config_file: ]
[objective_seed: 16083]
[num_class: 1]
[is_unbalance: 0]
[scale_pos_weight: 1]
[sigmoid: 1]
[boost_from_average: 1]
[reg_sqrt: 0]
[alpha: 0.9]
[fair_c: 1]
[poisson_max_delta_step: 0.7]
[tweedie_variance_power: 1.5]
[lambdarank_truncation_level: 30]
[lambdarank_norm: 1]
[label_gain: ]
[lambdarank_position_bias_regularization: 0]
[eval_at: ]
[multi_error_top_k: 1]
[auc_mu_weights: ]
[num_machines: 1]
[local_listen_port: 12400]
[time_out: 120]
[machine_list_filename: ]
[machines: ]
[gpu_platform_id: -1]
[gpu_device_id: -1]
[gpu_device_id_list: ]
[gpu_use_dp: 0]
[num_gpu: 1]

end of parameters

pandas_categorical:null
