tree
version=v4
num_class=1
num_tree_per_iteration=1
label_index=0
max_feature_idx=35
objective=regression
feature_names=Column_0 Column_1 Column_2 Column_3 Column_4 Column_5 Column_6 Column_7 Column_8 Column_9 Column_10 Column_11 Column_12 Column_13 Column_14 Column_15 Column_16 Column_17 Column_18 Column_19 Column_20 Column_21 Column_22 Column_23 Column_24 Column_25 Column_26 Column_27 Column_28 Column_29 Column_30 Column_31 Column_32 Column_33 Column_34 Column_35
feature_infos=[-4.3607818318713143:5.1654689811867511] [-4.7431958901040652:4.7291904346197278] [-4.3602530926470866:5.1655227556076282] [-4.3600863843553803:5.1672015617670155] [-4.3580676706468875:5.1655406598879985] [-4.3562928058973451:5.1643351391798697] [-4.3556487512081405:5.1630329065169853] [-1.3991312431401584:7.6037499073658887] [-3.7734661612037996:5.2578182841699928] [-3.3817090320434562:5.0203440693429204] [-3.6455940074816398:4.5588184705015946] [-3.6360294685747427:3.793769205190789] [-3.7706666645312601:5.076274538695861] [-3.6757719563122331:4.6137727840383018] [-1.5025926532500447:3.7670700523853791] [-1.5603253150720857:2.5760652303328229] [-2.3301293783466073:3.5895920909676704] [-4.0743042231483395:3.781980716903111] [-2.3349938531235379:5.2516009552314395] [-1.7563361482698507:3.3785235982313275] [-1.8847403544916148:2.7638922034892888] [-1.1950077835402948:7.4846072062174489] [-1.4390711401168179:2.2309099677711841] [-2.14550661043722:1.9398274893196419] [-0.98001915743624812:3.0759208297573157] [-0.88198619776566956:2.6455891023036826] [-2.0736496345366158:1.4331279370131749] none [-0.34468418806517265:7.7761133932941009] [-0.33563729034580042:7.7213564363484366] [-5.6242580401995594:5.7690960174462882] [-4.3617299216702135:4.3726636119071616] [-13.0531823765136:13.403092451495416] [-3.1845077789339244:3.2126474632094353] [-2.6186721570211757:2.7022473743078654] [-4.3418459036408139:10.309506155954452]
tree_sizes=1856 2082 2099 2020 2095 2179 2102

Tree=0
num_leaves=20
num_cat=0
split_feature=31 21 15 32 29 34 20 29 34 22 20 17 17 11 17 22 31 14 15
split_gain=5.08886 4.24183 3.37749 3.22282 2.61318 2.26722 1.45792 1.43884 1.25006 1.21807 0.759159 0.709499 0.663239 0.368636 0.534682 0.312083 0.263106 0.134472 0.0832682
threshold=0.10461240881443264 0.038361536331074517 0.46908037851382706 0.00052214802043311131 0.042453952975344038 0.26134860146191774 -1.7384547145551525 0.10020043179563416 0.073067056660469268 0.76596495851339863 -0.55733362173482981 -0.10887803573215549 0.88739525825053589 0.47842396662447312 -0.13577026016998886 -0.10208725828624164 0.16812734682822011 1.1410654685111694 -0.096991329640529519
decision_type=2 2 2 2 2 2 2 2 2 2 2 2 2 2 2 2 2 2 2
left_child=2 12 4 5 6 8 -1 9 -4 -5 -8 -6 13 14 -2 -13 -3 -9 -18
right_child=1 16 3 7 11 -7 10 17 -10 -11 -12 15 -14 -15 -16 -17 18 -19 -20
leaf_value=0.021055773597394301 0.018390251961985484 0.019661225941829959 0.014698313711356522 0.010551652778734051 0.023121132978483189 0.0085687579034339212 0.016209450652442503 0.014410920695332131 0.020000870654630042 0.0033710483097101774 0.014245593414958272 0.014955819041658609 0.011788789358949786 0.020100239753541284 0.014905254378398057 0.01915403198795294 0.02227764989603289 0.011621250634240051 0.026622908099582916
leaf_weight=33 67 20 196 56 40 44 259 35 47 44 538 20 21 28 87 51 36 40 41
leaf_count=33 67 20 196 56 40 44 259 35 47 44 538 20 21 28 87 51 36 40 41
internal_value=0.0154666 0.018993 0.0147066 0.0126143 0.0157365 0.0146032 0.015156 0.00943886 0.0157545 0.00710279 0.0148879 0.0199975 0.0164691 0.0170762 0.0164292 0.0179581 0.0240564 0.012794 0.0249605
internal_weight=1703 300 1403 462 941 287 830 175 243 100 797 111 203 182 154 71 97 75 77
internal_count=1703 300 1403 462 941 287 830 175 243 100 797 111 203 182 154 71 97 75 77
is_linear=0
shrinkage=1


Tree=1
num_leaves=22
num_cat=0
split_feature=30 21 15 34 29 29 11 20 34 19 17 19 20 17 35 17 17 15 15 22 33
split_gain=4.92348 4.47895 3.10847 3.05477 2.68593 2.26176 1.94056 1.38724 1.22182 0.741674 0.709376 0.544376 0.49559 0.430927 0.351049 0.212751 0.114649 0.109081 0.094595 0.081695 0.0855212
threshold=0.1041687445699124 0.038361536331074517 0.46908037851382706 -0.34238430461492392 0.042453952975344038 0.10020043179563416 1.1095758011000074 -1.7384547145551525 0.073067056660469268 -0.88208114359108902 0.84568706338625466 0.9710554413116429 -1.4567194080108552 0.14873689446228447 0.37525167584809249 -0.10887803573215549 -0.92073786565591176 -0.096991329640529519 -0.61823122431284017 -0.70817936225444256 2.4415336066736315
decision_type=2 2 2 2 2 2 2 2 2 2 2 2 2 2 2 2 2 2 2 2 2
left_child=2 13 4 5 7 11 8 -1 -5 -9 15 -4 -8 19 18 -6 -7 -3 -15 20 -2
right_child=1 17 3 6 10 16 12 9 -10 -11 -12 -13 -14 14 -16 -17 -18 -19 -20 -21 -22
leaf_value=0.0054354859897090737 0.00032532882931243096 0.0064751890957621587 -0.0064238213583827017 -0.00045962196131721459 0.007352512726560235 -0.004336857093705071 -0.00084189335441577334 0.00092296260326828715 0.005037948831966471 -0.001124678170476951 1.6099864568818226e-05 -0.012764423533065899 -0.0058252437537097751 -0.00043667504843214596 0.0027079397472739219 0.0036773939511560382 -0.0016836182789715087 0.010553240283480229 -0.0026758373477045565 0.0036814704037581884 0.0028071795199066398
leaf_weight=33 32 39 42 169 45 24 28 213 43 594 26 34 65 50 22 44 66 50 28 33 23
leaf_count=33 32 39 42 169 45 24 28 213 43 594 26 34 65 50 22 44 66 50 28 33 23
internal_value=0 0.00363853 -0.000711907 -0.00269862 0.000270177 -0.00593858 -0.00088482 -0.000320754 0.000696236 -0.000579102 0.00451038 -0.00967539 -0.00442933 0.000950313 -0.000372779 0.00574737 -0.00254048 0.00906826 -0.00134685 0.00244952 0.00150643
internal_weight=1703 277 1426 471 955 166 305 840 212 807 115 76 93 188 100 89 90 89 78 88 55
internal_count=1703 277 1426 471 955 166 305 840 212 807 115 76 93 188 100 89 90 89 78 88 55
is_linear=0
shrinkage=0.03


Tree=2
num_leaves=22
num_cat=0
split_feature=30 21 26 15 25 15 32 28 29 11 29 33 20 26 8 28 29 15 15 8 29
split_gain=4.65285 4.22868 2.98021 2.34272 2.10219 1.32752 1.32384 1.09459 0.954593 0.794743 0.682352 0.714005 0.677994 0.785162 0.318759 0.231978 0.366703 0.204824 0.100654 0.0769689 0.0405375
threshold=0.1041687445699124 0.038361536331074517 0.076811701056193879 0.44810972497077661 0.93900537605391499 0.72786089104905172 0.003319818102819751 -0.34184220125883152 0.042453952975344038 0.26916114875373737 -0.32849500524573322 -1.0166394966160894 0.48291981781334453 0.13950736681691719 0.64039787340813292 0.22744107771495439 -0.18235284789839082 -0.10989275401906413 -0.096991329640529519 0.70277279639527712 -0.3162950009892373
decision_type=2 2 2 2 2 2 2 2 2 2 2 2 2 2 2 2 2 2 2 2 2
left_child=2 14 4 10 5 8 -7 19 -1 -9 17 -12 -5 -14 15 20 -17 -4 -3 -6 -2
right_child=1 18 3 12 7 6 -8 9 -10 -11 11 -13 13 -15 -16 16 -18 -19 -20 -21 -22
leaf_value=5.418741996084949e-05 -0.0011827568632434122 0.0062948090261114491 -0.00051509955661007366 -0.00059984623012884015 -0.0013283902477021054 -0.00034885398982894709 -0.0053551280347532348 0.0070864716023901729 0.0041525132053066042 0.0024129226399151175 0.002460206466362528 -0.0031971232486069649 -0.0030218856833015497 -0.0077818331509700101 -0.0014104228695718253 0.0033538657565717585 -0.00033710497708858123 0.0018641431754610189 0.010254563674611864 0.00088617710179127954 0.00054062292842275419
leaf_weight=263 21 39 313 28 31 132 73 64 61 79 20 163 62 84 38 77 32 33 50 20 20
leaf_count=263 21 39 313 28 31 132 73 64 61 79 20 163 62 84 38 77 32 33 50 20 20
internal_value=0 0.00353788 -0.000691307 -0.00207909 0.000656969 -0.00032126 -0.00219752 0.00330391 0.000865978 0.00462776 -0.00106541 -0.002533 -0.00507366 -0.00588216 0.000925295 0.00155267 0.00226349 -0.000265508 0.00881385 -0.000403393 -0.00029436
internal_weight=1703 277 1426 703 723 529 205 194 324 143 529 183 174 146 188 150 109 346 89 51 41
internal_count=1703 277 1426 703 723 529 205 194 324 143 529 183 174 146 188 150 109 346 89 51 41
is_linear=0
shrinkage=0.03


Tree=3
num_leaves=21
num_cat=0
split_feature=30 21 26 15 15 11 34 28 29 33 20 26 24 17 14 34 32 29 15 14
split_gain=4.39033 3.99658 2.8099 2.21197 1.91773 1.71208 1.29349 1.05288 0.642108 0.675096 0.638271 0.738808 0.460235 0.399555 0.342894 0.267641 0.256436 0.260419 0.0927817 0.0908571
threshold=0.1041687445699124 0.038361536331074517 0.076811701056193879 0.44810972497077661 -0.40307991651840985 0.34110476785118476 0.079518500964926062 -0.33264086495450523 -0.32849500524573322 -1.0166394966160894 0.48291981781334453 0.13950736681691719 -0.85035355682264302 0.79384357432861552 -0.99086593766964282 0.010584250283324442 -0.21808267998772646 -0.18235284789839082 -0.096991329640529519 -0.72122625223811887
decision_type=2 2 2 2 2 2 2 2 2 2 2 2 2 2 2 2 2 2 2 2
left_child=2 13 4 8 7 6 -6 -1 15 -10 -5 -12 -7 16 -9 -4 17 -2 -3 -18
right_child=1 18 3 10 5 12 -8 14 9 -11 11 -13 -14 -15 -16 -17 19 -19 -20 -21
leaf_value=-0.00075596787732210935 0.0032582511113678383 0.0061194534623729329 -0.0012966441466013331 -0.00058359233416136239 0.00060380075104582247 -0.00057931016628526765 0.0077130047294497496 0.0014734720470191073 0.0023960272028596828 -0.0031029428465808011 -0.0029354132810464274 -0.0075564284261701422 -0.0034190922363486606 -0.0023354450191917088 0.0057511207431089131 0.00039520570590799713 0.00099426497668973746 -0.00034422818452003415 0.0099643402245809427 -0.0011312213163103232
leaf_weight=37 74 39 134 28 327 93 22 26 20 163 62 84 125 26 93 212 37 21 50 30
leaf_count=37 74 39 134 28 327 93 22 26 20 163 62 84 125 26 93 212 37 21 50 30
internal_value=5.45879e-07 0.00343737 -0.000670771 -0.00201835 0.000638321 -0.000172242 0.00112238 0.00355094 -0.00103318 -0.00245688 -0.00492826 -0.00571283 -0.00224551 0.000897048 0.00490031 -0.000256937 0.00146706 0.00244514 0.0085666 0
internal_weight=1703 277 1426 703 723 567 349 156 529 183 174 146 218 188 119 346 162 95 89 67
internal_count=1703 277 1426 703 723 567 349 156 529 183 174 146 218 188 119 346 162 95 89 67
is_linear=0
shrinkage=0.03


Tree=4
num_leaves=22
num_cat=0
split_feature=28 26 15 34 29 34 28 34 26 29 21 29 19 17 18 19 29 17 21 34 31
split_gain=4.14297 2.45215 2.23347 2.8705 2.12804 2.08166 1.62877 1.65943 1.50888 1.3088 1.08752 0.846969 0.683368 0.587277 0.580797 0.48802 0.463076 0.440354 0.235566 0.0793309 0.0327036
threshold=-0.038785254525020983 0.064272567904049227 0.46908037851382706 -0.34238430461492392 0.10020043179563416 -1.312330591812467 -0.32752760002583203 0.079518500964926062 -1.9210901811855219 -0.19922444766407271 0.010625522401397861 -0.33175106849077679 -0.79757364632359129 0.6326795128870264 0.22544079647950929 0.9710554413116429 -0.11194906851485316 -0.10887803573215549 -0.31807632382803508 -2.0736558309163988 -1.5758723932514951
decision_type=2 2 2 2 2 2 2 2 2 2 2 2 2 2 2 2 2 2 2 2 2
left_child=2 16 5 4 15 17 7 -5 14 10 13 -8 -10 -3 -7 -4 -2 -1 -11 -6 -19
right_child=1 9 3 6 19 8 11 -9 12 18 -12 -13 -14 -15 -16 -17 -18 20 -20 -21 -22
leaf_value=0.0065308208457477718 0.0099087349301160768 0.0024783180314665557 -0.0060902357434233024 -0.00018436813931177972 -0.0002091030527371913 0.0075222704215296378 -0.0068932231644337821 0.0075529315283457774 0.00073299462060662398 -0.00070665219463699033 0.0077372911044142458 -0.0012732815859526454 -0.0011575863473912431 -0.0028862811288107994 0.00068784387808409517 -0.012109424853647077 0.0047622632967198588 0.0031365137106040492 -0.0047696079300797506 -0.0025638988813674402 0.0011523596435277297
leaf_weight=43 40 86 42 173 21 26 41 26 238 37 30 61 590 20 21 34 48 21 20 55 30
leaf_count=43 40 86 42 173 21 26 41 26 238 37 30 61 590 20 21 34 48 21 20 55 30
internal_value=1.19572e-06 0.00331162 -0.000656464 -0.00238824 -0.00570861 0.000154917 -0.000661861 0.000908843 -0.000303124 0.00135484 0.00294616 -0.00369326 -0.000609864 0.00138703 0.00475308 -0.0091786 0.00738408 0.00432703 -0.00234945 -0.00198386 0.00215378
internal_weight=1703 281 1422 453 152 969 301 199 875 193 136 102 828 106 47 76 88 94 57 76 51
internal_count=1703 281 1422 453 152 969 301 199 875 193 136 102 828 106 47 76 88 94 57 76 51
is_linear=0
shrinkage=0.03


Tree=5
num_leaves=23
num_cat=0
split_feature=30 21 26 15 15 11 34 28 29 33 24 23 30 24 17 35 14 34 14 15 22 33
split_gain=3.92437 3.60815 2.55536 1.99078 1.75018 1.57368 1.15453 0.965023 0.606696 0.606888 0.547285 0.91039 0.465649 0.419418 0.364366 0.312186 0.309931 0.246874 0.107243 0.095445 0.0758844 0.0775826
threshold=0.1041687445699124 0.038361536331074517 0.076811701056193879 0.44810972497077661 -0.40307991651840985 0.34110476785118476 0.079518500964926062 -0.33264086495450523 -0.32849500524573322 -1.0166394966160894 0.36331646492069952 0.34182265438073339 0.00066207229852540002 -0.85035355682264302 0.14873689446228447 0.37525167584809249 -0.99086593766964282 0.010584250283324442 -0.7111405072913527 -0.096991329640529519 -0.70817936225444256 2.4415336066736315
decision_type=2 2 2 2 2 2 2 2 2 2 2 2 2 2 2 2 2 2 2 2 2 2
left_child=2 14 4 8 7 6 -6 -1 17 -10 12 -12 -5 -7 20 18 -9 -4 -16 -3 21 -2
right_child=1 19 3 10 5 13 -8 16 9 -11 11 -13 -14 -15 15 -17 -18 -19 -20 -21 -22 -23
leaf_value=-0.00072251469792245187 0.00020585841297288422 0.0057596247055168659 -0.0012275274764664851 -0.00034591846649554815 0.00059152623249101449 -0.00055418415405438285 0.0073099840092659 0.0014199930051470109 0.0022325580456223253 -0.0029792210911302429 -0.002894314237188415 -0.0087250231116225829 -0.0055185211073034085 -0.0032672301832135419 0 0.0025259971815347671 0.0054999061911366869 0.00039744524133261721 -0.0022487696755839428 0.0094827686033721222 0.003392158688977361 0.0025529714024067709
leaf_weight=37 32 39 134 44 327 93 22 26 20 163 53 54 23 125 35 22 93 212 43 50 33 23
leaf_count=37 32 39 134 44 327 93 22 26 20 163 53 54 23 125 35 22 93 212 43 50 33 23
internal_value=1.81184e-06 0.00325123 -0.000632788 -0.00191795 0.000615449 -0.000158691 0.00108225 0.00339793 -0.000982937 -0.00236668 -0.0046788 -0.00602189 -0.00232485 -0.00214664 0.000836931 -0.000377148 0.00468992 -0.000228426 -0.00129625 0.0081249 0.00221648 0.00132038
internal_weight=1703 277 1426 703 723 567 349 156 529 183 174 107 67 218 188 100 119 346 78 89 88 55
internal_count=1703 277 1426 703 723 567 349 156 529 183 174 107 67 218 188 100 119 346 78 89 88 55
is_linear=0
shrinkage=0.03


Tree=6
num_leaves=22
num_cat=0
split_feature=30 21 15 32 26 28 28 34 34 15 22 11 34 29 29 17 32 29 28 15 14
split_gain=3.70965 3.40594 2.46885 2.64633 2.37385 1.66618 1.66156 1.44087 1.41513 1.14938 0.788332 0.764246 0.763176 0.988877 0.687301 0.354916 0.227295 0.229703 0.195856 0.0880797 0.0791046
threshold=0.1041687445699124 0.038361536331074517 0.46908037851382706 0.00052214802043311131 -0.62537975546390701 -0.32918838986066495 -0.32752760002583203 0.079518500964926062 -0.0060830116479502604 -0.63877255391309617 0.76596495851339863 0.85897860580421026 -1.4456828745351367 -0.32849500524573322 -0.33175106849077679 0.79384357432861552 -0.21808267998772646 -0.18235284789839082 -0.23372352593344706 -0.096991329640529519 -0.72122625223811887
decision_type=2 2 2 2 2 2 2 2 2 2 2 2 2 2 2 2 2 2 2 2 2
left_child=2 15 4 6 8 10 7 -4 11 -10 -5 -1 -6 -14 -8 16 17 -2 -7 -3 -18
right_child=1 19 3 5 12 18 14 -9 9 -11 -12 -13 13 -15 -16 -17 20 -19 -20 -21 -22
leaf_value=0.0072099530079766452 0.0030387813590418596 0.0055991779692901355 -4.4421922719965763e-05 -0.0049071828796743199 0.0030963419328697704 -0.00062678078708371934 -0.0065484113349494602 0.007185280869875489 0.0034000083079463554 -0.0011579493466639318 -0.011207468258386307 0.00099122550021857022 -4.3272092776505399e-05 -0.0024979942991165444 -0.0014798423124302645 -0.0022284120002697251 0.0009036310619674622 -0.00033660112484358253 -0.0036099319884087891 0.0092143881969013307 -0.0010805743396869562
leaf_weight=66 74 39 166 49 41 46 41 26 92 101 41 27 391 237 63 26 37 21 39 50 30
leaf_count=66 74 39 166 49 41 46 41 26 92 101 41 27 391 237 63 26 37 21 39 50 30
internal_value=2.46281e-06 0.00316178 -0.000614483 -0.00238516 0.000260406 -0.00527883 -0.000628541 0.0010147 0.00253563 0.00101823 -0.00807852 0.00552316 -0.000714775 -0.000981882 -0.00363364 0.00081555 0.0013539 0.00227457 -0.00210602 0.00789704 0
internal_weight=1703 277 1426 471 955 175 296 192 286 193 90 93 669 628 104 188 162 95 85 89 67
internal_count=1703 277 1426 471 955 175 296 192 286 193 90 93 669 628 104 188 162 95 85 89 67
is_linear=0
shrinkage=0.03


end of trees

feature_importances:
Column_15=19
Column_29=18
Column_34=15
Column_17=12
Column_28=9
Column_21=8
Column_26=8
Column_11=6
Column_14=6
Column_20=6
Column_30=6
Column_22=5
Column_32=5
Column_33=5
Column_19=4
Column_24=3
Column_31=3
Column_8=2
Column_35=2
Column_18=1
Column_23=1
Column_25=1

parameters:
[boosting: gbdt]
[objective: regression]
[metric: l2]
[tree_learner: serial]
[device_type: cpu]
[data_sample_strategy: bagging]
[data: ]
[valid: ]
[num_iterations: 200]
[learning_rate: 0.03]
[num_leaves: 31]
[num_threads: 40]
[seed: 42]
[deterministic: 0]
[force_col_wise: 0]
[force_row_wise: 0]
[histogram_pool_size: -1]
[max_depth: 5]
[min_data_in_leaf: 20]
[min_sum_hessian_in_leaf: 0.001]
[bagging_fraction: 0.8]
[pos_bagging_fraction: 1]
[neg_bagging_fraction: 1]
[bagging_freq: 0]
[bagging_seed: 400]
[bagging_by_query: 0]
[feature_fraction: 0.8]
[feature_fraction_bynode: 1]
[feature_fraction_seed: 30056]
[extra_trees: 0]
[extra_seed: 12879]
[early_stopping_round: 0]
[early_stopping_min_delta: 0]
[first_metric_only: 0]
[max_delta_step: 0]
[lambda_l1: 0.1]
[lambda_l2: 3]
[linear_lambda: 0]
[min_gain_to_split: 0]
[drop_rate: 0.1]
[max_drop: 50]
[skip_drop: 0.5]
[xgboost_dart_mode: 0]
[uniform_drop: 0]
[drop_seed: 17869]
[top_rate: 0.2]
[other_rate: 0.1]
[min_data_per_group: 100]
[max_cat_threshold: 32]
[cat_l2: 10]
[cat_smooth: 10]
[max_cat_to_onehot: 4]
[top_k: 20]
[monotone_constraints: ]
[monotone_constraints_method: basic]
[monotone_penalty: 0]
[feature_contri: ]
[forcedsplits_filename: ]
[refit_decay_rate: 0.9]
[cegb_tradeoff: 1]
[cegb_penalty_split: 0]
[cegb_penalty_feature_lazy: ]
[cegb_penalty_feature_coupled: ]
[path_smooth: 0]
[interaction_constraints: ]
[verbosity: -1]
[saved_feature_importance_type: 0]
[use_quantized_grad: 0]
[num_grad_quant_bins: 4]
[quant_train_renew_leaf: 0]
[stochastic_rounding: 1]
[linear_tree: 0]
[max_bin: 255]
[max_bin_by_feature: ]
[min_data_in_bin: 3]
[bin_construct_sample_cnt: 200000]
[data_random_seed: 175]
[is_enable_sparse: 1]
[enable_bundle: 1]
[use_missing: 1]
[zero_as_missing: 0]
[feature_pre_filter: 1]
[pre_partition: 0]
[two_round: 0]
[header: 0]
[label_column: ]
[weight_column: ]
[group_column: ]
[ignore_column: ]
[categorical_feature: ]
[forcedbins_filename: ]
[precise_float_parser: 0]
[parser_config_file: ]
[objective_seed: 16083]
[num_class: 1]
[is_unbalance: 0]
[scale_pos_weight: 1]
[sigmoid: 1]
[boost_from_average: 1]
[reg_sqrt: 0]
[alpha: 0.9]
[fair_c: 1]
[poisson_max_delta_step: 0.7]
[tweedie_variance_power: 1.5]
[lambdarank_truncation_level: 30]
[lambdarank_norm: 1]
[label_gain: ]
[lambdarank_position_bias_regularization: 0]
[eval_at: ]
[multi_error_top_k: 1]
[auc_mu_weights: ]
[num_machines: 1]
[local_listen_port: 12400]
[time_out: 120]
[machine_list_filename: ]
[machines: ]
[gpu_platform_id: -1]
[gpu_device_id: -1]
[gpu_device_id_list: ]
[gpu_use_dp: 0]
[num_gpu: 1]

end of parameters

pandas_categorical:null
