tree
version=v4
num_class=1
num_tree_per_iteration=1
label_index=0
max_feature_idx=34
objective=regression
feature_names=Column_0 Column_1 Column_2 Column_3 Column_4 Column_5 Column_6 Column_7 Column_8 Column_9 Column_10 Column_11 Column_12 Column_13 Column_14 Column_15 Column_16 Column_17 Column_18 Column_19 Column_20 Column_21 Column_22 Column_23 Column_24 Column_25 Column_26 Column_27 Column_28 Column_29 Column_30 Column_31 Column_32 Column_33 Column_34
feature_infos=[-8.0893868957891772:5.1806816699597] [-8.6605882141953572:4.9547275193786309] [-8.0914719459130549:5.1815047531394436] [-8.0916545869367784:5.1817062754564711] [-8.0917325711146084:5.1819077131776474] [-8.091660029961961:5.1824074707010546] [-8.0966890476895532:5.1851348243889763] [-1.1357555869065845:14.661551978133247] [-8.4302923655699864:6.2010438468494469] [-7.4973521022274454:5.5277267138776383] [-6.4147762816260707:6.4327310330954086] [-4.5305950171211897:6.6634261721544252] [-7.5646558952433027:5.9873563312346221] [-6.7369608165706127:6.5914546102616152] [-1.3467212883064064:6.2733173752403788] [-1.1916187758560581:5.2407303605824058] [-3.1174225528879811:3.1291508747281496] [-7.92219482918218:3.4783726886727124] none [-1.745885127017303:3.4083002117578909] [-1.2349332257004353:7.6551968446080307] [-1.9187615647200675:2.2652261009940466] [-1.2263856790621326:2.1031430440087036] [-1.0289653708185587:2.7226919048927019] [-1.7753403350496462:2.0037485066797669] [-1.9674574389945063:5.0862290442099356] none [-0.24725916339797444:11.319782648942352] [-0.10638148714993337:22.958003761790149] [-11.447361009590939:10.141647384313545] [-6.335818917542138:8.2543325327997579] [-14.94130911584945:22.952491847446403] [-2.9581795364024837:5.8725236858350991] [-2.1928345187495926:5.0343927636255303] [-7.5427721466715498:10.836664790531499]
tree_sizes=1600 1443 1463 1462 951 1299 1396 1851 1582 1670 1100 1038 1819 1485 1391 1770 1675 1396 1398 1311 1391 1489 1486 1402 1572 1556 1484

Tree=0
num_leaves=17
num_cat=0
split_feature=25 23 23 25 11 21 15 19 15 16 21 24 33 10 27 33
split_gain=12.6241 2.00015 1.54996 1.31024 1.08475 0.845028 0.510498 0.413616 0.304585 0.298794 0.266162 0.356539 0.264425 0.263083 0.233039 0.13732
threshold=1.3769190321424152 0.532375231104668 -1.0030663560947133 0.58676323692705112 -0.13326994416941285 0.4873117711932769 0.57348571044958085 2.4923822714598001 -0.026548765130037393 0.52663606776082994 -0.8811774921234039 -1.43814890641049 0.96509332158069505 0.94938848633839512 -0.165090646352413 -0.35634913790600237
decision_type=2 2 2 2 2 2 2 2 2 2 2 2 2 2 2 2
left_child=1 4 6 7 5 8 -2 9 -1 -3 11 -6 -12 15 -7 -5
right_child=2 3 -4 13 10 14 -8 -9 -10 -11 12 -13 -14 -15 -16 -17
leaf_value=0.019952763535928536 0.03536200244401401 0.020677068771136665 0.025293519785009697 0.022489982299805762 0.018299997844295153 0.018922987346851508 0.027212130284488045 0.024103163409152601 0.021593100863743647 0.018677552082316778 0.017924308125778138 0.021893424155334247 0.015170490337779185 0.020721753539636793 0.016462091089410005 0.025200345129755795
leaf_weight=250 42 172 45 38 80 142 20 20 166 105 387 32 37 24 50 73
leaf_count=250 42 172 45 38 80 142 20 20 166 105 387 32 37 24 50 73
internal_value=0.0203132 0.0196287 0.0301398 0.0213589 0.0189717 0.0198491 0.0332189 0.0202472 0.0206046 0.0199204 0.0179901 0.0193672 0.0176425 0.0237748 0.0182174 0.0243805
internal_weight=1683 1576 107 432 1144 608 62 297 416 277 536 112 424 135 192 111
internal_count=1683 1576 107 432 1144 608 62 297 416 277 536 112 424 135 192 111
is_linear=0
shrinkage=1


Tree=1
num_leaves=15
num_cat=0
split_feature=25 25 11 11 33 15 24 30 24 11 22 25 31 11
split_gain=11.9334 1.37285 1.24929 1.24203 0.960024 0.846946 0.520287 0.406454 0.312268 0.29209 0.164505 0.147773 0.141699 0.0300644
threshold=1.3769190321424152 0.83213534022659852 -0.54256274484512323 0.32135543855566157 1.6142085692209083 0.42777954778483041 0.03785885668921346 -0.21251953717888869 0.852207967364912 0.47393400451665152 -0.3392951701953571 3.0913108154008495 -0.01072349334769101 -1.0986586639891989
decision_type=2 2 2 2 2 2 2 2 2 2 2 2 2 2
left_child=1 3 11 4 5 -1 9 -8 10 -3 -5 -2 -10 -6
right_child=2 6 -4 8 13 -7 7 -9 12 -11 -12 -13 -14 -15
leaf_value=-0.00048099195956691795 0.0023355461909820362 -0.0027606262052431701 0.012294677186757325 -0.00185503167083825 -0.0025693251257762314 0.0021125294730789963 0.0047053320969947998 0 0.0011233439582353456 0.001951990264346418 -0.0033685398111828477 0.0066641060279475318 -0.00136994625550538 -0.0054551183900662832
leaf_weight=831 20 21 63 143 21 128 65 21 22 20 181 24 98 25
leaf_count=831 20 21 63 143 21 128 65 21 22 20 181 24 98 25
internal_value=0 -0.000664098 0.00955543 -0.000928884 -0.0003391 -0.000126202 0.00228561 0.00357853 -0.00224592 -0.000417256 -0.00273286 0.00503507 -0.000872203 -0.00443688
internal_weight=1683 1576 107 1449 1005 959 127 86 444 41 324 44 120 46
internal_count=1683 1576 107 1449 1005 959 127 86 444 41 324 44 120 46
is_linear=0
shrinkage=0.03


Tree=2
num_leaves=15
num_cat=0
split_feature=23 21 19 23 19 33 28 11 28 22 22 17 19 19
split_gain=6.75626 2.06397 2.95936 2.16483 1.05755 0.975787 0.934929 0.884137 0.562443 0.347565 0.318274 0.0407447 0.0372385 0.0231169
threshold=-1.0252655115722948 -1.464467997799366 -0.29071552426538322 0.532375231104668 2.2914258394804765 0.79314990310097111 -0.10638148714993333 -0.14633109635384967 -0.095443622052635249 -0.47561582511016792 -0.36649045236270389 0.43735225880957751 -0.81178940405360234 1.2906815852487306
decision_type=2 2 2 2 2 2 2 2 2 2 2 2 2 2
left_child=9 2 8 5 6 7 -5 -3 11 -1 -4 -2 -10 -7
right_child=1 3 10 4 -6 13 -8 -9 12 -11 -12 -13 -14 -15
leaf_value=0.01489590882477553 0.0025830298225444394 -0.00022917764327363816 0.011778067939281463 0.0035636726989335303 0.0048878390343281728 -0.0047341715209186083 -0.000171747919608198 -0.0020639300022416394 -0.0033309103794969042 0.0068731295056641108 0.0053849253126885743 0.00055803895768021113 -0.0010648695828858763 -0.0025214095802179402
leaf_weight=20 35 511 22 71 55 69 318 445 23 21 27 20 21 25
leaf_count=20 35 511 22 71 55 69 318 445 23 21 27 20 21 25
internal_value=3.36627e-07 -0.000308203 0.00303198 -0.000646508 0.00110084 -0.00138927 0.000524441 -0.00109013 0 0.0116037 0.00882691 0.00196535 -0.00245022 -0.00427278
internal_weight=1683 1642 148 1494 444 1050 389 956 99 41 49 55 44 94
internal_count=1683 1642 148 1494 444 1050 389 956 99 41 49 55 44 94
is_linear=0
shrinkage=0.03


Tree=3
num_leaves=15
num_cat=0
split_feature=23 21 19 23 19 33 28 11 27 15 22 15 19 16
split_gain=6.40744 1.95324 2.80565 2.04163 0.998161 0.92228 0.881902 0.837067 0.533355 0.373069 0.300901 0.0378347 0.0204874 0.00174088
threshold=-1.0252655115722948 -1.464467997799366 -0.29071552426538322 0.532375231104668 2.2914258394804765 0.79314990310097111 -0.10638148714993333 -0.3132806287614498 -0.087193352076552808 0.39969135257089378 -0.36649045236270389 2.426606700990527 1.2906815852487306 -0.30521022124451819
decision_type=2 2 2 2 2 2 2 2 2 2 2 2 2 2
left_child=9 2 8 5 6 7 -5 -3 13 -1 -4 -10 -7 -2
right_child=1 3 10 4 -6 12 -8 -9 11 -11 -12 -13 -14 -15
leaf_value=0.014447755061089992 0.0024551388482666678 -6.8858860722954246e-06 0.011467126779556273 0.0034610967258545192 0.0047487883616303059 -0.0045980642555902397 -0.00016664361736503817 -0.0018107404219177032 -0.00096375199269665328 0.0064150985544142516 0.0052395323983859274 -0.0032231499954230251 -0.0024538718805249245 0.0012251258285524433
leaf_weight=21 24 402 22 71 55 69 318 554 20 20 27 24 25 31
leaf_count=21 24 402 22 71 55 69 318 554 20 20 27 24 25 31
internal_value=2.27002e-06 -0.000298156 0.0029511 -0.000627309 0.00106948 -0.00134866 0.000509257 -0.00105774 0 0.0113021 0.00859354 -0.00238705 -0.00415226 0.00191281
internal_weight=1683 1642 148 1494 444 1050 389 956 99 41 49 44 94 55
internal_count=1683 1642 148 1494 444 1050 389 956 99 41 49 44 94 55
is_linear=0
shrinkage=0.03


Tree=4
num_leaves=9
num_cat=0
split_feature=23 19 20 31 23 22 15 17
split_gain=6.07589 1.61417 1.13273 0.885013 0.71379 0.663584 0.35156 0.0138968
threshold=-1.0252655115722948 2.1985206847199419 1.7197807395534197 -0.063677490651490073 -0.99566663760218643 -0.29735035329849208 0.39969135257089378 -0.74893722828840203
decision_type=2 2 2 2 2 2 2 2
left_child=6 2 3 5 -5 -2 -1 -4
right_child=1 -3 7 4 -6 -7 -8 -9
leaf_value=0.014068501621484757 0.00069851300384985609 0.0044172876153496044 0.0051659738427330742 0.00087637584788586599 -0.00073611607476440819 -0.0036979641036005116 0.0062477481093095701 0.0024893795090687016
leaf_weight=21 38 60 22 318 1057 127 20 20
leaf_count=21 38 60 22 318 1057 127 20 20
internal_value=4.13627e-06 -0.00028837 -0.000476756 -0.000614428 -0.000359918 -0.00267319 0.0110078 0.004209
internal_weight=1683 1642 1582 1540 1375 165 41 42
internal_count=1683 1642 1582 1540 1375 165 41 42
is_linear=0
shrinkage=0.03


Tree=5
num_leaves=13
num_cat=0
split_feature=21 19 19 30 20 11 19 27 24 30 17 19
split_gain=5.3504 5.05959 1.74932 0.853249 0.850878 0.743306 0.622055 0.481774 0.166759 0.0902559 0.0373402 0.0339484
threshold=-1.464467997799366 -0.29071552426538322 2.1985206847199419 0.23796235591041784 2.2141469166961243 0.24556560481789022 -0.34928598722832288 -0.087193352076552808 -0.038486372436633269 2.5716411520406712 0.43735225880957751 -0.81178940405360234
decision_type=2 2 2 2 2 2 2 2 2 2 2 2
left_child=1 7 3 5 -3 6 -2 10 -7 -5 -1 -9
right_child=2 4 -4 9 -6 8 -8 11 -10 -11 -12 -13
leaf_value=0.0024205296820820014 -0.0010054972712184498 0.011916051612265648 0.0042910793359790533 -0.0027090704766778301 0.0048432567449396141 -0.0024276825985043724 0.00055366079000193581 -0.0030897798492358279 -0.0011342534643967691 -0.0053972000201734215 0.00048865964674927383 -0.00094445970706874495
leaf_weight=35 410 59 60 70 31 163 516 23 252 23 20 21
leaf_count=35 410 59 60 70 31 163 516 23 252 23 20 21
internal_value=5.80202e-06 0.00472231 -0.000597129 -0.000812275 0.00974695 -0.000612463 -0.000134468 0 -0.00166323 -0.00355301 0.00183137 -0.00225535
internal_weight=1683 189 1494 1434 90 1341 926 99 415 93 55 44
internal_count=1683 189 1494 1434 90 1341 926 99 415 93 55 44
is_linear=0
shrinkage=0.03


Tree=6
num_leaves=14
num_cat=0
split_feature=25 25 32 11 11 20 24 29 11 24 25 17 11
split_gain=9.28352 1.13442 1.11534 0.979643 0.868925 0.789046 0.445693 0.348076 0.258102 0.182293 0.134811 0.112526 0.000270471
threshold=1.3769190321424152 0.83213534022659852 0.53549020626747879 -0.54256274484512323 0.30121183162110715 -0.16038180276932645 0.03785885668921346 -0.17578728299987481 0.47393400451665152 1.2466583178484536 3.0913108154008495 1.1629529837660153 -1.1166892114613003
decision_type=2 2 2 2 2 2 2 2 2 2 2 2 2
left_child=1 2 4 10 5 -1 8 -8 -3 -6 -2 12 -4
right_child=3 6 11 -5 9 -7 7 -9 -10 -11 -12 -13 -14
leaf_value=-0.00071507068082280335 0.0019233157261446844 -0.0026007241401821376 -0.0021262851648194631 0.010862620660273188 -0.0020987743875356376 0.0010845624762637572 0.0045417929399878742 0.00029927092194557194 0.0018276587091386317 -0.00040098313945485705 0.0059486207134193843 -0.0010038016337156296 -0.0039582220102474096
leaf_weight=592 20 21 20 63 296 344 59 27 20 78 24 22 97
leaf_count=592 20 21 20 63 296 344 59 27 20 78 24 22 97
internal_value=5.93784e-06 -0.000579336 -0.00082022 0.00843438 -0.000542374 -4.91202e-05 0.00210145 0.00329853 -0.000395028 -0.00175866 0.00442232 -0.00335086 -0.00373106
internal_weight=1683 1576 1449 107 1310 936 127 86 41 374 44 139 117
internal_count=1683 1576 1449 107 1310 936 127 86 41 374 44 139 117
is_linear=0
shrinkage=0.03


Tree=7
num_leaves=19
num_cat=0
split_feature=25 23 11 25 11 21 15 23 16 21 25 22 27 27 25 33 19 9
split_gain=8.78363 1.55404 1.09095 0.944397 0.857152 0.704301 0.345571 0.307579 0.304535 0.27893 0.270677 0.225814 0.168365 0.141809 0.124118 0.116284 0.0779649 0.0631687
threshold=1.4305951754074449 0.47687734241071444 -0.54256274484512323 0.58409196315723966 1.0000000180025095e-35 0.42000902053835815 -0.026548765130037393 0.67666974170894734 0.49755233210523125 -0.8811774921234039 -0.4000473138177445 -0.3392951701953571 -0.24725916339796808 -0.165090646352413 3.228592709667339 -0.35634913790600237 1.6663385750105146 0.076198473803782502
decision_type=2 2 2 2 2 2 2 2 2 2 2 2 2 2 2 2 2 2
left_child=1 4 14 8 5 6 -1 17 12 10 -6 -11 -3 -7 -2 -9 -10 -5
right_child=2 3 -4 7 9 13 -8 15 16 11 -12 -13 -14 -15 -16 -17 -18 -19
leaf_value=-0.00046502210296560072 0.0019536064883577636 -0.0007653170846030115 0.011144481973203477 0.0015764853226072672 -0.0015662457278532232 -0.0013956170914824328 0.0011856166208481127 0.0017848098387010394 -0.0015741882896581957 -0.0017662995893286517 0.0020111876511946319 -0.0034733399626522975 0.0012624504523678817 -0.0033101152419630023 0.005860585008859635 0.0042407774267400186 0.00031657253289038475 -0.00045024568243668631
leaf_weight=301 21 47 58 24 84 164 179 37 101 164 21 159 128 51 22 79 20 23
leaf_count=301 21 47 58 24 84 164 179 37 101 164 21 159 128 51 22 79 20 23
internal_value=6.43145e-06 -0.000545975 0.00845399 0.000917047 -0.00114747 -0.000487677 0.000147858 0.00272888 -8.80243e-05 -0.00220104 -0.00078699 -0.00264004 0.000697276 -0.00190282 0.00426959 0.00354736 -0.00123737 0.000557174
internal_weight=1683 1582 101 459 1123 695 480 163 296 428 105 323 175 215 43 116 121 47
internal_count=1683 1582 101 459 1123 695 480 163 296 428 105 323 175 215 43 116 121 47
is_linear=0
shrinkage=0.03


Tree=8
num_leaves=16
num_cat=0
split_feature=25 23 11 25 11 32 22 23 33 23 23 20 31 25 13
split_gain=8.29927 1.46578 1.02349 0.897389 0.806965 0.430991 0.313826 0.327083 0.295493 0.443111 0.294139 0.171504 0.139008 0.116884 0.0889304
threshold=1.4305951754074449 0.47687734241071444 -0.54256274484512323 0.37556900460930309 -0.13326994416941285 0.53549020626747879 1.1222063033979315 0.066192966075458173 -0.35634913791005923 0.67666974170894734 -0.21129647739430965 -0.32295456964879499 -0.01072349334769101 3.228592709667339 0.42452094851913147
decision_type=2 2 2 2 2 2 2 2 2 2 2 2 2 2 2
left_child=1 4 13 12 5 10 7 -6 11 -10 -1 -5 -3 -2 -14
right_child=2 3 -4 8 6 -7 -8 -9 9 -11 -12 -13 14 -15 -16
leaf_value=0.00043278109802128806 0.0019023242592520544 0.0012137296726256767 0.010826589961154539 -0.00039326264871730624 -0.0012797864730763767 -0.0030962899048463445 -0.0046628078944407981 -0.0031602708206344872 0.00014189992362350623 0.0039901055616950523 -0.00095429007658756084 0.0017578138847307986 -0.00030556124189080528 0.0057058655726909642 -0.0017610841602906406
leaf_weight=335 21 26 58 51 365 45 36 114 39 100 228 80 88 22 75
leaf_count=335 21 26 58 51 365 45 36 114 39 100 228 80 88 22 75
internal_value=7.12304e-06 -0.000529789 0.0082185 0.000890975 -0.00111398 -0.00036462 -0.00198564 -0.00175044 0.00199488 0.00295733 -0.000125726 0.000907928 -0.00067694 0.00415875 -0.00101308
internal_weight=1683 1582 101 459 1123 608 515 479 270 139 563 131 189 43 163
internal_count=1683 1582 101 459 1123 608 515 479 270 139 563 131 189 43 163
is_linear=0
shrinkage=0.03


Tree=9
num_leaves=17
num_cat=0
split_feature=25 23 22 25 22 23 25 33 15 19 25 25 16 20 19 28
split_gain=7.84242 1.38232 0.923633 0.846546 0.621377 0.622382 0.67442 0.396562 0.386347 0.337122 0.25098 0.193447 0.141386 0.128427 0.0722486 0.0417058
threshold=1.4305951754074449 0.47687734241071444 -0.36649045236270389 0.42662732876763781 0.9863358138159789 0.066192966075458173 -0.59435488070747966 -0.35634913790069928 0.57348571044958085 2.4923822714598001 0.90401307548227527 0.7758326418234095 0.52663606776082994 -0.12532906583928635 1.5986807748468062 0.11278118378454409
decision_type=2 2 2 2 2 2 2 2 2 2 2 2 2 2 2 2
left_child=1 4 8 12 5 6 -1 -7 -2 10 -5 15 13 -3 -14 -6
right_child=2 3 -4 9 11 7 -8 -9 -10 -11 -12 -13 14 -15 -16 -17
leaf_value=-0.0011635140222707478 0.012083621180057524 -0.00065966147240113175 0.0038148138498571432 0.00091154078952201316 -0.0029060378396585937 -0.0014694880116185765 0.00064274553529806251 -0.0045306160375475886 0.0052581162284249848 0.0048910834324710512 0.0032836772342180382 -0.00019114628704467219 -0.0016382175578612958 0.0014177123641129583 0.00020303316692234542 -0.0050380846128381526
leaf_weight=429 42 56 39 164 76 202 322 48 20 31 55 20 88 45 20 26
leaf_count=429 42 56 39 164 76 202 322 48 20 31 55 20 88 45 20 26
internal_value=7.40886e-06 -0.000514467 0.00798963 0.000865151 -0.00108182 -0.000825749 -0.000385604 -0.00211584 0.0102723 0.00203548 0.00155712 -0.00308862 -0.000529613 0.000251252 -0.00127395 -0.00360649
internal_weight=1683 1582 101 459 1123 1001 751 250 62 250 219 122 209 101 108 102
internal_count=1683 1582 101 459 1123 1001 751 250 62 250 219 122 209 101 108 102
is_linear=0
shrinkage=0.03


Tree=10
num_leaves=11
num_cat=0
split_feature=25 19 11 25 11 32 19 24 25 19
split_gain=7.41557 1.23784 0.911215 0.834244 0.928211 0.516915 0.277783 0.180372 0.112517 0.029832
threshold=1.4305951754074449 2.1056162873336941 -0.54256274484512323 1.0184314659021567 0.10657841832835756 0.53549020626747879 0.14250189007140304 -0.01303796272801769 3.228592709667339 2.7024268212403211
decision_type=2 2 2 2 2 2 2 2 2 2
left_child=1 3 8 4 5 -1 -5 -6 -2 -3
right_child=2 9 -4 6 7 -7 -8 -9 -10 -11
leaf_value=-3.5771106957710924e-05 0.0017468370202986987 0.0022608463991295137 0.010233183007381977 0.0041668154728121878 -0.0023535424696615897 -0.0029424276587166585 0 -0.0012023100796460749 0.0054372000682353979 0.0046213530559431424
leaf_weight=864 21 27 58 38 271 56 22 274 22 30
leaf_count=864 21 27 58 38 271 56 22 274 22 30
internal_value=7.98249e-06 -0.000499445 0.00776998 -0.000666198 -0.000811667 -0.000224937 0.00270758 -0.00178998 0.00393161 0.00372217
internal_weight=1683 1582 101 1525 1465 920 60 545 43 57
internal_count=1683 1582 101 1525 1465 920 60 545 43 57
is_linear=0
shrinkage=0.03


Tree=11
num_leaves=10
num_cat=0
split_feature=23 19 22 23 22 32 22 15 11
split_gain=4.24952 1.1793 0.767471 2.42284 1.01831 0.87719 0.759264 0.300072 0.0126553
threshold=-1.0252655115722948 2.2914258394804765 -0.3392951701953571 -1.0030663560947133 -0.53768568041714471 0.46458462903944192 -0.27756955896644747 0.39969135257089378 -1.1166892114613003
decision_type=2 2 2 2 2 2 2 2 2
left_child=7 2 3 -2 -5 6 -4 -1 -7
right_child=1 -3 5 4 -6 8 -8 -9 -10
leaf_value=0.011938706256449222 0.0094265115666389478 0.003962593093996161 -0.003715306893353045 -0.00067984998046720683 0.0017116001355994899 -0.0017518848203244091 -0.00025394513749057036 0.0050339947692725961 -0.0035958880888315565
leaf_weight=21 22 55 61 609 214 20 557 20 104
leaf_count=21 22 55 61 609 214 20 557 20 104
internal_value=8.96249e-06 -0.00023538 -0.000389956 0.00022525 -5.04249e-05 -0.00109267 -0.000616729 0.00921161 -0.0033705
internal_weight=1683 1642 1587 845 823 742 618 41 124
internal_count=1683 1642 1587 845 823 742 618 41 124
is_linear=0
shrinkage=0.03


Tree=12
num_leaves=19
num_cat=0
split_feature=25 23 11 25 11 21 21 25 21 25 15 23 29 16 27 25 21 23
split_gain=6.675 1.21296 0.806444 0.755759 0.694979 0.56867 0.266572 0.241287 0.24205 0.227671 0.22248 0.162263 0.133399 0.109529 0.108348 0.106442 0.0667552 0.0514662
threshold=1.4305951754074449 0.47687734241071444 -0.54256274484512323 0.37556900460930309 -0.12537361806983796 0.4873117711932769 -0.86996036701425072 0.83213534022659852 0.86869402490448289 -0.6213472688927052 -0.026548765130037393 0.67666974170894734 -0.18013800294723323 0.56112489648395092 -0.165090646352413 3.228592709667339 1.5529386565628236 2.593196831273477
decision_type=2 2 2 2 2 2 2 2 2 2 2 2 2 2 2 2 2 2
left_child=1 4 15 13 5 10 9 8 -5 -6 -1 -9 -8 17 -7 -2 -15 -3
right_child=2 3 -4 7 6 14 12 11 -10 -11 -12 -13 -14 16 -16 -17 -18 -19
leaf_value=-0.00024699421778404937 0.001635595330270007 0.00065477978885774646 0.0096957223295676895 7.4321770271512151e-05 -0.0013638369400273351 -0.0011507535307812666 -0.0011647813977001028 0.00069348183381729399 0.0022763042388173438 0.0014398087063187581 0.0011500331175440547 0.0039013236753864967 -0.0025304385104931754 -0.0017296586132838163 -0.0028742890419825072 0.0052086030471324924 0 -0.00081400667515117676
leaf_weight=253 21 59 58 96 82 142 105 23 87 34 166 64 291 74 50 22 27 29
leaf_count=253 21 59 58 96 82 142 105 23 87 34 166 64 291 74 50 22 27 29
internal_value=9.8187e-06 -0.000471517 0.00737412 0.000820597 -0.00100308 -0.000311191 -0.00181631 0.00183386 0.00115712 -0.000501288 0.000303614 0.00313799 -0.00218733 -0.000617336 -0.00165229 0.00374933 -0.00127958 0.000126903
internal_weight=1683 1582 101 459 1123 611 512 270 183 116 419 87 396 189 192 43 101 88
internal_count=1683 1582 101 459 1123 611 512 270 183 116 419 87 396 189 192 43 101 88
is_linear=0
shrinkage=0.03


Tree=13
num_leaves=15
num_cat=0
split_feature=25 25 11 11 24 21 24 22 22 29 24 25 22 31
split_gain=6.30718 0.913174 0.785799 0.7562 0.591148 0.712497 0.297832 0.315403 0.294853 0.250771 0.1701 0.100226 0.086221 0.0790043
threshold=1.4305951754074449 0.83213534022659852 0.32135543855566157 -0.54256274484512323 0.96672581105368205 0.42000902053835815 0.076031471252136842 -0.3187729270797815 2.0226693706819554 -0.17578728299987481 0.852207967364912 3.228592709667339 -0.3392951701953571 -0.01072349334769101
decision_type=2 2 2 2 2 2 2 2 2 2 2 2 2 2
left_child=1 2 4 11 5 -1 7 -3 -6 -8 12 -2 -4 -12
right_child=3 6 10 -5 8 -7 9 -9 -10 -11 13 -13 -14 -15
leaf_value=3.8002761205326405e-05 0.0015926609591115264 0.0022540840472280977 -0.0014320915296613175 0.0094191560608441714 0.0023081765749458491 -0.0018517760967687617 0.0038761096024742489 -0.0025065841752290722 -0.00065303860077202869 0.00027619579501915724 0.0007744531862740405 0.0050710957843065263 -0.0025565480645793441 -0.0010726242509513798
leaf_weight=608 21 22 143 58 109 250 62 22 38 27 22 22 181 98
leaf_count=608 21 22 143 58 109 250 62 22 38 27 22 22 181 98
internal_value=1.03724e-05 -0.000457465 -0.000678376 0.00716894 -0.000208868 -0.000513681 0.00188912 -7.04788e-05 0.00152494 0.00286123 -0.00172587 0.0036522 -0.00208713 -0.000698973
internal_weight=1683 1582 1449 101 1005 858 133 44 147 89 444 43 324 120
internal_count=1683 1582 1449 101 1005 858 133 44 147 89 444 43 324 120
is_linear=0
shrinkage=0.03


Tree=14
num_leaves=14
num_cat=0
split_feature=21 22 19 33 11 24 19 20 22 24 11 19 24
split_gain=3.3722 3.09258 1.19721 0.862131 0.63763 0.596674 0.475644 0.222646 0.167452 0.0866158 0.0701026 0.0277921 0.0193275
threshold=-1.464467997799366 -0.36649045236270389 2.1056162873336941 0.4846330919086787 -0.3132806287614498 -1.4763215209734131 -0.34928598722832288 2.0056430372651182 -0.3392951701953571 -1.3745278821389508 -1.2702874007884104 2.4923822714598001 -1.5272183403906443
decision_type=2 2 2 2 2 2 2 2 2 2 2 2 2
left_child=1 7 3 4 6 12 -2 -1 -6 -7 -5 -4 -3
right_child=2 5 11 10 8 9 -8 -9 -10 -11 -12 -13 -14
leaf_value=0.010464939778913621 -0.00067562472442740629 -0.0025056991360413476 0.0017155938034917671 -0.0012205435100197789 -0.00059113754881888404 0.001049951961257887 0.0011678645029554243 0.0048364766787575633 -0.0014920877718119924 0.0033006210064608606 -0.0036113119821032779 0.0039563396791563723 -0.00080820755681229963
leaf_weight=43 213 20 20 22 489 35 296 20 323 47 86 45 24
leaf_count=43 213 20 20 22 489 35 296 20 323 47 86 45 24
internal_value=1.09974e-05 0.00375574 -0.000467309 -0.00065288 -0.000435803 0.000949431 0.000391126 0.00902464 -0.000957375 0.00244623 -0.00319748 0.0034171 -0.00175431
internal_weight=1683 189 1494 1429 1321 126 509 63 812 82 108 65 44
internal_count=1683 189 1494 1429 1321 126 509 63 812 82 108 65 44
is_linear=0
shrinkage=0.03


Tree=15
num_leaves=18
num_cat=0
split_feature=25 23 22 25 11 23 22 15 23 22 25 31 23 25 16 20 9
split_gain=5.64784 1.05419 0.679776 0.669345 0.607644 0.382461 0.485225 0.309527 0.253488 0.348273 0.221551 0.22024 0.219692 0.185257 0.179185 0.0939376 0.0512166
threshold=1.4305951754074449 0.47687734241071444 -0.36649045236270389 0.58409196315723966 1.0000000180025095e-35 -0.99566663760218643 -0.79417399889128137 0.57348571044958085 -0.99566663760218643 -0.3392951701953571 -0.54375793271863748 -0.010744159280510189 0.67666974170894734 -0.18266671524933897 0.52663606776082994 -0.56228103379505667 0.076198473803782502
decision_type=2 2 2 2 2 2 2 2 2 2 2 2 2 2 2 2 2
left_child=1 4 7 11 5 10 -7 -2 13 -10 -1 -3 16 -6 -13 -14 -5
right_child=2 3 -4 12 8 6 -8 -9 9 -11 -12 14 15 -15 -16 -17 -18
leaf_value=-0.00046919824166980097 0.010344764099518457 0.0026130701820552345 0.0031965661578412571 0.0013774139559310341 -0.00124622636205866 0.00014230370805971685 -0.0017255420581583842 0.0043448844036978219 -0.0014898920897248029 -0.0038453232788650152 0.0015092255852999516 0.00029467847901228143 0.0012439332507441149 0.0015674244942492804 -0.001242135031430639 0.0035298522492786025 -0.00044400207906101764
leaf_weight=81 42 22 39 24 147 237 255 20 164 96 122 163 31 21 111 85 23
leaf_count=81 42 22 39 24 147 237 255 20 164 96 122 163 31 21 111 85 23
internal_value=1.14461e-05 -0.00043117 0.0067856 0.000773175 -0.000926831 -0.000370769 -0.000824317 0.00874533 -0.00181396 -0.00240494 0.000709906 -7.14382e-05 0.0022986 -0.000855648 -0.000323779 0.00299093 0.000452922
internal_weight=1683 1582 101 459 1123 695 492 62 428 260 203 296 163 168 274 116 47
internal_count=1683 1582 101 459 1123 695 492 62 428 260 203 296 163 168 274 116 47
is_linear=0
shrinkage=0.03


Tree=16
num_leaves=17
num_cat=0
split_feature=25 23 22 25 11 21 15 22 23 31 23 15 11 27 20 9
split_gain=5.3399 0.994793 0.642026 0.631322 0.575918 0.470188 0.289033 0.251957 0.270568 0.208598 0.207062 0.1968 0.156525 0.0930438 0.0877523 0.0486025
threshold=1.4305951754074449 0.47687734241071444 -0.36649045236270389 0.58409196315723966 -0.13326994416941285 0.4873117711932769 0.57348571044958085 1.1222063033979315 0.066192966075458173 -0.010744159280510189 0.67666974170894734 -0.026548765130037393 0.26060281382148709 -0.165090646352413 -0.56228103379505667 0.076198473803782502
decision_type=2 2 2 2 2 2 2 2 2 2 2 2 2 2 2 2
left_child=1 4 6 9 5 11 -2 8 -6 -3 15 -1 -11 -7 -12 -5
right_child=2 3 -4 10 7 13 -8 -9 -10 12 14 -13 -14 -15 -16 -17
leaf_value=-0.00022632750131642139 0.010055111116170882 0.0025440851072967051 0.0031075189366404502 0.0013406829413466362 -0.00099956404331280049 -0.0010193614744260138 0.004231539581132971 -0.0040289576592353674 -0.0027045135895769376 0.00035910680297890612 0.0012099080361042389 0.0010901416334338739 -0.0010523105269349697 -0.0026162572539464202 0.0034275667723691599 -0.00043221895002688355
leaf_weight=250 42 22 39 24 365 142 20 36 114 142 31 166 132 50 85 23
leaf_count=250 42 22 39 24 365 142 20 36 114 142 31 166 132 50 85 23
internal_value=1.23146e-05 -0.000418018 0.00659924 0.000751806 -0.00089955 -0.000265951 0.0085047 -0.0016359 -0.00142587 -6.81917e-05 0.00223327 0.000295878 -0.000314049 -0.00148446 0.00290557 0.000439215
internal_weight=1683 1582 101 459 1123 608 62 515 479 296 163 416 274 192 116 47
internal_count=1683 1582 101 459 1123 608 62 515 479 296 163 416 274 192 116 47
is_linear=0
shrinkage=0.03


Tree=17
num_leaves=14
num_cat=0
split_feature=25 23 19 11 33 20 15 23 19 22 22 11 11
split_gain=5.07452 1.38039 0.870629 0.671218 0.366675 0.351281 0.275538 0.205485 0.17755 0.154307 0.109697 0.0635061 0.0093742
threshold=1.0184314659021567 -1.0030663560947133 2.4923822714598001 0.10657841832835756 1.3793198386138792 -0.10840695575088737 0.57348571044958085 0.47687734241071444 -0.2563815938814038 -0.3187729270797815 1.5956743123095125 1.4592905672635721 -1.1166892114613003
decision_type=2 2 2 2 2 2 2 2 2 2 2 2 2
left_child=2 6 3 4 5 -1 -2 8 -5 -3 -11 -9 -6
right_child=1 9 -4 7 12 -7 -8 11 -10 10 -12 -13 -14
leaf_value=-0.00045145657798189968 0.0097950285925813337 0.0035738863810572934 0.003602866823332575 -0.0013128316696391891 -0.0014284350540256126 0.00082261502998460991 0.0041211515247173928 -0.00031851316083710164 -0.0027374920613681343 -0.00020797762797721789 0.0025371680357493456 -0.0017357361723955432 -0.0032584894414525475
leaf_weight=585 43 66 41 218 20 288 20 146 148 24 21 36 27
leaf_count=585 43 66 41 218 20 288 20 146 148 24 21 36 27
internal_value=1.27078e-05 0.00482052 -0.000548153 -0.000673238 -0.000173006 -2.63419e-05 0.00830845 -0.00150209 -0.00191463 0.00264802 0.0010891 -0.00063866 -0.00267217
internal_weight=1683 174 1509 1468 920 873 63 548 366 111 45 182 47
internal_count=1683 174 1509 1468 920 873 63 548 366 111 45 182 47
is_linear=0
shrinkage=0.03


Tree=18
num_leaves=14
num_cat=0
split_feature=25 23 19 11 33 20 15 23 19 22 22 25 11
split_gain=4.79617 1.30549 0.82256 0.632367 0.347772 0.330698 0.257114 0.192942 0.166969 0.144913 0.104192 0.0600703 0.00836629
threshold=1.0184314659021567 -1.0030663560947133 2.4923822714598001 0.10657841832835756 1.3793198386138792 -0.10840695575088737 0.57348571044958085 0.47687734241071444 -0.2563815938814038 -0.3187729270797815 1.5956743123095125 0.4972933447921562 -1.0986586639891989
decision_type=2 2 2 2 2 2 2 2 2 2 2 2 2
left_child=2 6 3 4 5 -1 -2 8 -5 -3 -11 -9 -6
right_child=1 9 -4 7 12 -7 -8 11 -10 10 -12 -13 -14
leaf_value=-0.00043798197965559069 0.0095203419930261126 0.0034713314779750678 0.0035021503411064095 -0.0012739813678623471 -0.0014285224325140005 0.00079819100566650022 0.0040136432642846002 -0.00090771974388060281 -0.0026569989147674699 -0.00020243155699507849 0.0024705673446878788 0.00034868078346231149 -0.0032009555642645614
leaf_weight=585 43 66 41 218 21 288 20 143 148 24 21 39 26
leaf_count=585 43 66 41 218 21 288 20 143 148 24 21 39 26
internal_value=1.28604e-05 0.004687 -0.000532352 -0.000653985 -0.000168334 -2.54108e-05 0.00807954 -0.00145851 -0.00185842 0.00257324 0.00105892 -0.000620986 -0.00260224
internal_weight=1683 174 1509 1468 920 873 63 548 366 111 45 182 47
internal_count=1683 174 1509 1468 920 873 63 548 366 111 45 182 47
is_linear=0
shrinkage=0.03


Tree=19
num_leaves=13
num_cat=0
split_feature=25 23 19 32 11 19 20 14 22 22 22 11
split_gain=4.5328 1.23464 0.777071 0.624369 0.527008 0.264316 0.220038 0.161749 0.136081 0.0989678 0.0647648 0.0261828
threshold=1.0184314659021567 -1.0030663560947133 2.4923822714598001 0.53549020626747879 -0.3132806287614498 -0.34928598722832288 -0.39185152796435219 0.5083643481249317 -0.3187729270797815 1.5956743123095125 -0.27756955896644747 -1.0986586639891989
decision_type=2 2 2 2 2 2 2 2 2 2 2 2
left_child=2 7 3 4 5 -1 -6 -2 -3 -10 -5 -12
right_child=1 8 -4 10 6 -7 -8 -9 9 -11 11 -13
leaf_value=-0.00039188613413300893 0.0091576991885900499 0.0033717192780712375 0.0034042492980476129 -0.0012112712122366897 -0.0014763934390069245 0.00091897401484219651 -0.000450971585767929 0.0043109849905595184 -0.00019703338735012541 0.0024057149486616252 -0.0013910236973315477 -0.0032825896078947842
leaf_weight=263 42 66 41 39 358 282 426 21 24 21 21 79
leaf_count=263 42 66 41 39 358 282 426 21 24 21 21 79
internal_value=1.31695e-05 0.00455721 -0.000516814 -0.000635084 -0.000429263 0.000282237 -0.000926868 0.00785697 0.00250058 0.00102953 -0.0025312 -0.00296657
internal_weight=1683 174 1509 1468 1329 545 784 63 111 45 139 100
internal_count=1683 174 1509 1468 1329 545 784 63 111 45 139 100
is_linear=0
shrinkage=0.03


Tree=20
num_leaves=14
num_cat=0
split_feature=25 21 19 32 20 11 19 33 29 24 17 11 34
split_gain=4.2842 0.872717 0.734098 0.590153 0.497252 0.496163 0.248915 0.215718 0.095881 0.117417 0.0639202 0.0139865 0.000893867
threshold=1.0184314659021567 -1.4756851229085191 2.4923822714598001 0.53549020626747879 2.2141469166961243 -0.3132806287614498 -0.34928598722832288 -0.20725500992565604 -0.17635518485318 0.1651009052322914 1.1629529837660153 -1.1166892114613003 -0.13160971857747963
decision_type=2 2 2 2 2 2 2 2 2 2 2 2 2
left_child=2 4 3 5 -2 6 -1 -7 9 -3 11 -5 -4
right_child=1 8 12 10 -6 7 -8 -9 -10 -11 -12 -13 -14
leaf_value=-0.00038026214774157079 0.0080985702905924089 0.00075843253631431324 0.0040432721767574547 -0.0013176181628166332 0.002787412568926811 -0.001036957770223067 0.00089169499551246289 0.00086429978335141446 0.00037621873079253168 0.00378451411655316 -0.00066543028794229029 -0.0029641606381908057 0.0019809221463358917
leaf_weight=263 59 23 21 20 30 730 282 54 26 36 22 97 20
leaf_count=263 59 23 21 20 30 730 282 54 26 36 22 97 20
internal_value=1.34773e-05 0.0044312 -0.000501719 -0.000616722 0.00649017 -0.000416548 0.000273692 -0.000899396 0.00209347 0.00274702 -0.00246026 -0.00274768 0.00330909
internal_weight=1683 174 1509 1468 89 1329 545 784 85 59 139 117 41
internal_count=1683 174 1509 1468 89 1329 545 784 85 59 139 117 41
is_linear=0
shrinkage=0.03


Tree=21
num_leaves=15
num_cat=0
split_feature=25 23 19 32 11 19 15 23 34 34 11 9 11 34
split_gain=4.04786 1.11919 0.696161 0.557695 0.466777 0.234412 0.218463 0.157932 0.104765 0.0596007 0.0390387 0.201557 0.0118567 0.000262134
threshold=1.0184314659021567 -1.0030663560947133 2.4923822714598001 0.53549020626747879 -0.3132806287614498 -0.34928598722832288 0.57348571044958085 0.2844846616050089 -0.13496541900093748 2.3473191381156848 -1.01857632009997 -0.084923689519272136 -1.1166892114613003 -0.13160971857747963
decision_type=2 2 2 2 2 2 2 2 2 2 2 2 2 2
left_child=2 6 3 4 5 -1 -2 -6 -3 12 -10 -12 -5 -4
right_child=1 8 13 9 7 -7 -8 -9 10 -11 11 -13 -14 -15
leaf_value=-0.00036898293820799752 0.0087820762891484341 0.00018186895559673481 0.0039371363557875157 -0.0012832454927265645 -0.0012048117914782407 0.00086522574421067373 0.0036840157238361626 -0.00030753566106130374 0.0041749428370967505 -0.00060742368816863747 4.3685202757197038e-05 0.0034029048169652619 -0.0028654332954879146 0.0019292459129963231
leaf_weight=263 43 20 21 20 488 282 20 296 21 21 28 42 98 20
leaf_count=263 43 20 21 20 488 282 20 296 21 21 28 42 98 20
internal_value=1.41524e-05 0.00430833 -0.000486583 -0.000598625 -0.000403961 0.000265401 0.00745012 -0.00087232 0.00234971 -0.00239086 0.00277323 0.00215733 -0.00266052 0.00322418
internal_weight=1683 174 1509 1468 1329 545 63 784 111 139 91 70 118 41
internal_count=1683 174 1509 1468 1329 545 63 784 111 139 91 70 118 41
is_linear=0
shrinkage=0.03


Tree=22
num_leaves=15
num_cat=0
split_feature=25 23 19 11 32 20 23 19 14 22 22 11 32 19
split_gain=3.8299 1.05631 0.660278 0.526936 0.30131 0.33019 0.162726 0.166709 0.134563 0.11399 0.0870507 0.0607042 0.00337902 0.000375797
threshold=1.0184314659021567 -1.0030663560947133 2.4923822714598001 0.10657841832835756 0.46458462903944192 -0.16038180276932645 0.47687734241071444 -0.2563815938814038 0.5083643481249317 -0.3187729270797815 1.5956743123095125 1.4592905672635721 0.69666838204004511 0.030410433045224939
decision_type=2 2 2 2 2 2 2 2 2 2 2 2 2 2
left_child=2 8 3 4 5 -1 7 -5 -2 13 -11 -8 -6 -3
right_child=1 9 -4 6 12 -7 11 -9 -10 10 -12 -13 -14 -15
leaf_value=-0.00041458726339531376 0.0084423623541990921 0.0023725990610463277 0.0031414996330541645 -0.0011050904822106234 -0.001119833053573966 0.00081847697148394673 -0.00023492061213008906 -0.0024754500368121234 0.0039692615829408162 -0.00020828836915865798 0.0022270666547119615 -0.001612812195295611 -0.0024322820365513592 0.0040747701687657316
leaf_weight=561 42 46 41 218 22 296 146 148 21 24 21 36 41 20
leaf_count=561 42 46 41 218 22 296 146 148 21 24 21 36 41 20
internal_value=1.49216e-05 0.00419193 -0.000472099 -0.000581264 -0.000137724 9.18302e-06 -0.00131565 -0.00168298 0.00724498 0.00228774 0.000933871 -0.000545421 -0.00209116 0.00308662
internal_weight=1683 174 1509 1468 920 857 548 366 63 111 45 182 63 66
internal_count=1683 174 1509 1468 920 857 548 366 63 111 45 182 63 66
is_linear=0
shrinkage=0.03


Tree=23
num_leaves=14
num_cat=0
split_feature=23 21 24 23 33 10 19 23 15 22 29 11 19
split_gain=2.27575 0.735853 0.87864 0.851322 0.415221 0.434202 0.375919 0.311032 0.211645 0.193089 0.173424 0.0573323 0.0157681
threshold=-1.0252655115722948 -1.464467997799366 -1.3745278821389508 0.47687734241071444 0.63119918399026342 -0.92295993807563959 2.3398973696931771 0.70626861567905597 0.39969135257089378 -0.36649045236270389 -0.037788526400116228 -1.2702874007884104 -0.81178940405360234
decision_type=2 2 2 2 2 2 2 2 2 2 2 2 2
left_child=8 2 10 4 5 -3 7 -5 -1 -4 -2 -6 -12
right_child=1 3 9 6 11 -7 -8 -9 -10 -11 12 -13 -14
leaf_value=0.0089502216801047325 0.0011313590375849833 0.00097895713847401581 0.006601152631938458 0.001463305071599806 -0.00089048190426081416 -0.00089631174595539457 0.0030803765363218087 -0.00022768718712807941 0.0034433230234552983 0.0027314675803855062 -0.0021504409714387012 -0.0030132019417278251 -0.0005865055107228134
leaf_weight=21 36 125 22 149 22 799 50 267 20 47 23 82 20
leaf_count=21 36 125 22 149 22 799 50 267 20 47 23 82 20
internal_value=1.51915e-05 -0.000163154 0.00182996 -0.000365874 -0.000848613 -0.000637039 0.000691272 0.000376961 0.00675004 0.00423059 -0.000308269 -0.00262976 -0.00157394
internal_weight=1683 1642 148 1494 1028 924 466 416 41 69 79 104 43
internal_count=1683 1642 148 1494 1028 924 466 416 41 69 79 104 43
is_linear=0
shrinkage=0.03


Tree=24
num_leaves=16
num_cat=0
split_feature=25 23 19 11 32 20 15 23 19 22 22 11 33 17 19
split_gain=3.45934 0.936702 0.589712 0.486835 0.272289 0.300712 0.187161 0.141756 0.159244 0.10551 0.079425 0.05671 0.0101886 0.00196896 0.00108938
threshold=1.0184314659021567 -1.0030663560947133 2.4923822714598001 0.10657841832835756 0.46458462903944192 -0.16038180276932645 0.57348571044958085 0.47687734241071444 -0.2563815938814038 -0.3187729270797815 1.5956743123095125 1.4592905672635721 1.6142085692209083 0.43735225880957751 0.030410433045224939
decision_type=2 2 2 2 2 2 2 2 2 2 2 2 2 2 2
left_child=2 6 3 4 5 -1 -2 8 -5 14 -11 -9 -6 -4 -3
right_child=1 9 13 7 12 -7 -8 11 -10 10 -12 -13 -14 -15 -16
leaf_value=-0.00038850531751113325 0.0080975394452638613 0.0022630952858955279 0.0036504923198372122 -0.0010356493958946827 -0.00092362713604234156 0.00078813563391457646 0.0033687979917487372 -0.00023323819352526388 -0.002372942232503999 -0.00020178470719191759 0.0021204572515562178 -0.0015670475953688415 -0.0023460252896174397 0.0017374461100376007 0.0039206957423492611
leaf_weight=561 43 46 21 218 21 296 20 146 148 24 21 36 42 20 20
leaf_count=561 43 46 21 218 21 296 20 146 148 24 21 36 42 20 20
internal_value=1.58896e-05 0.00398576 -0.000446885 -0.000550145 -0.00012373 1.5739e-05 0.00686317 -0.00125601 -0.00159944 0.00218869 0.000884225 -0.000534418 -0.00198088 0.00296757 0.0029575
internal_weight=1683 174 1509 1468 920 857 63 548 366 111 45 182 63 41 66
internal_count=1683 174 1509 1468 920 857 63 548 366 111 45 182 63 41 66
is_linear=0
shrinkage=0.03


Tree=25
num_leaves=16
num_cat=0
split_feature=25 23 19 11 21 23 15 23 19 34 11 11 9 10 34
split_gain=3.27281 0.884357 0.559449 0.45876 0.214921 0.281653 0.17442 0.133036 0.149765 0.0844035 0.0535552 0.0367499 0.184305 0.0165759 0.00408023
threshold=1.0184314659021567 -1.0030663560947133 2.4923822714598001 0.10657841832835756 -1.3466881841532581 0.36218170577654379 0.57348571044958085 0.47687734241071444 -0.2563815938814038 -0.13496541900093748 1.4592905672635721 -1.01857632009997 -0.084923689519272136 -0.032521251314705395 -0.13160971857747963
decision_type=2 2 2 2 2 2 2 2 2 2 2 2 2 2 2
left_child=2 6 3 4 13 -6 -2 8 -5 -3 -9 -11 -13 -1 -4
right_child=1 9 14 7 5 -7 -8 10 -10 11 -12 12 -14 -15 -16
leaf_value=0.0020209231044980695 0.0078704564207152505 0.00016603021761756794 0.0035818106699734924 -0.0010050016539708639 -0.00055482710533323609 0.00069363020923811683 0.0032809163135192965 -0.00022638194453933791 -0.0023031682784881886 0.0038399592549540102 -0.0015236524118003077 0 0.0031187676797310511 0.00055498458654619747 0.0016637974408146437
leaf_weight=37 43 20 21 218 651 212 20 146 148 21 36 28 42 20 20
leaf_count=37 43 20 21 218 651 212 20 146 148 21 36 28 42 20 20
internal_value=1.62605e-05 0.00387766 -0.000433817 -0.000534441 -0.000120395 -0.000243333 0.00667427 -0.00121967 -0.00155253 0.00213021 -0.000519748 0.00251091 0.00192968 0.00161003 0.00289161
internal_weight=1683 174 1509 1468 920 863 63 548 366 111 182 91 70 57 41
internal_count=1683 174 1509 1468 920 863 63 548 366 111 182 91 70 57 41
is_linear=0
shrinkage=0.03


Tree=26
num_leaves=15
num_cat=0
split_feature=25 23 19 32 11 19 33 15 22 22 22 11 13 19
split_gain=3.09589 0.834781 0.531183 0.45831 0.386511 0.221535 0.19251 0.16248 0.094368 0.0727504 0.0522092 0.0231536 0.0133231 0.00132308
threshold=1.0184314659021567 -1.0030663560947133 2.1985206847199419 0.53549020626747879 -0.3132806287614498 -0.34928598722832288 -0.21612919248362675 0.57348571044958085 -0.3187729270797815 1.5956743123095125 -0.27756955896644747 -1.0986586639891989 0.44080770091203297 0.030410433045224939
decision_type=2 2 2 2 2 2 2 2 2 2 2 2 2 2
left_child=2 7 3 4 5 -1 -6 -2 13 -10 -5 -12 -4 -3
right_child=1 8 12 10 6 -7 -8 -9 9 -11 11 -13 -14 -15
leaf_value=-0.00035208351193798993 0.0076497412913924335 0.002134437930295054 0.003452611143199297 -0.00096888966798516253 -0.00091040389276253702 0.00084752812379677042 0.00079198474281656664 0.0031953271005363405 -0.00019972438048312648 0.0020190851828083395 -0.0011114983218139969 -0.0028207268926837459 0.0014588292362370892 0.0037279559586035167
leaf_weight=263 43 46 23 39 721 282 61 20 24 21 21 79 20 20
leaf_count=263 43 46 23 39 721 282 61 20 24 21 21 79 20 20
internal_value=1.7126e-05 0.00377275 -0.00042057 -0.000520914 -0.000344026 0.0002644 -0.000771268 0.00649062 0.00207365 0.000834698 -0.00214556 -0.00253374 0.00274611 0.00280189
internal_weight=1683 174 1509 1466 1327 545 782 63 111 45 139 100 43 66
internal_count=1683 174 1509 1466 1327 545 782 63 111 45 139 100 43 66
is_linear=0
shrinkage=0.03


end of trees

feature_importances:
Column_11=50
Column_25=47
Column_19=46
Column_23=46
Column_22=37
Column_15=20
Column_21=17
Column_24=15
Column_33=15
Column_20=14
Column_32=11
Column_27=7
Column_16=6
Column_17=6
Column_31=6
Column_34=6
Column_9=5
Column_29=5
Column_28=4
Column_10=3
Column_30=3
Column_13=2
Column_14=2

parameters:
[boosting: gbdt]
[objective: regression]
[metric: l2]
[tree_learner: serial]
[device_type: cpu]
[data_sample_strategy: bagging]
[data: ]
[valid: ]
[num_iterations: 200]
[learning_rate: 0.03]
[num_leaves: 31]
[num_threads: 40]
[seed: 42]
[deterministic: 0]
[force_col_wise: 0]
[force_row_wise: 0]
[histogram_pool_size: -1]
[max_depth: 5]
[min_data_in_leaf: 20]
[min_sum_hessian_in_leaf: 0.001]
[bagging_fraction: 0.8]
[pos_bagging_fraction: 1]
[neg_bagging_fraction: 1]
[bagging_freq: 0]
[bagging_seed: 400]
[bagging_by_query: 0]
[feature_fraction: 0.8]
[feature_fraction_bynode: 1]
[feature_fraction_seed: 30056]
[extra_trees: 0]
[extra_seed: 12879]
[early_stopping_round: 0]
[early_stopping_min_delta: 0]
[first_metric_only: 0]
[max_delta_step: 0]
[lambda_l1: 0.1]
[lambda_l2: 3]
[linear_lambda: 0]
[min_gain_to_split: 0]
[drop_rate: 0.1]
[max_drop: 50]
[skip_drop: 0.5]
[xgboost_dart_mode: 0]
[uniform_drop: 0]
[drop_seed: 17869]
[top_rate: 0.2]
[other_rate: 0.1]
[min_data_per_group: 100]
[max_cat_threshold: 32]
[cat_l2: 10]
[cat_smooth: 10]
[max_cat_to_onehot: 4]
[top_k: 20]
[monotone_constraints: ]
[monotone_constraints_method: basic]
[monotone_penalty: 0]
[feature_contri: ]
[forcedsplits_filename: ]
[refit_decay_rate: 0.9]
[cegb_tradeoff: 1]
[cegb_penalty_split: 0]
[cegb_penalty_feature_lazy: ]
[cegb_penalty_feature_coupled: ]
[path_smooth: 0]
[interaction_constraints: ]
[verbosity: -1]
[saved_feature_importance_type: 0]
[use_quantized_grad: 0]
[num_grad_quant_bins: 4]
[quant_train_renew_leaf: 0]
[stochastic_rounding: 1]
[linear_tree: 0]
[max_bin: 255]
[max_bin_by_feature: ]
[min_data_in_bin: 3]
[bin_construct_sample_cnt: 200000]
[data_random_seed: 175]
[is_enable_sparse: 1]
[enable_bundle: 1]
[use_missing: 1]
[zero_as_missing: 0]
[feature_pre_filter: 1]
[pre_partition: 0]
[two_round: 0]
[header: 0]
[label_column: ]
[weight_column: ]
[group_column: ]
[ignore_column: ]
[categorical_feature: ]
[forcedbins_filename: ]
[precise_float_parser: 0]
[parser_config_file: ]
[objective_seed: 16083]
[num_class: 1]
[is_unbalance: 0]
[scale_pos_weight: 1]
[sigmoid: 1]
[boost_from_average: 1]
[reg_sqrt: 0]
[alpha: 0.9]
[fair_c: 1]
[poisson_max_delta_step: 0.7]
[tweedie_variance_power: 1.5]
[lambdarank_truncation_level: 30]
[lambdarank_norm: 1]
[label_gain: ]
[lambdarank_position_bias_regularization: 0]
[eval_at: ]
[multi_error_top_k: 1]
[auc_mu_weights: ]
[num_machines: 1]
[local_listen_port: 12400]
[time_out: 120]
[machine_list_filename: ]
[machines: ]
[gpu_platform_id: -1]
[gpu_device_id: -1]
[gpu_device_id_list: ]
[gpu_use_dp: 0]
[num_gpu: 1]

end of parameters

pandas_categorical:null
