tree
version=v4
num_class=1
num_tree_per_iteration=1
label_index=0
max_feature_idx=36
objective=regression
feature_names=Column_0 Column_1 Column_2 Column_3 Column_4 Column_5 Column_6 Column_7 Column_8 Column_9 Column_10 Column_11 Column_12 Column_13 Column_14 Column_15 Column_16 Column_17 Column_18 Column_19 Column_20 Column_21 Column_22 Column_23 Column_24 Column_25 Column_26 Column_27 Column_28 Column_29 Column_30 Column_31 Column_32 Column_33 Column_34 Column_35 Column_36
feature_infos=[-4.8773776719702875:4.3768548195136781] [-5.1320754984902113:4.2211666134980304] [-4.8768002078563732:4.3758613602808953] [-4.8790875643740019:4.376512331080936] [-4.87694201313343:4.3751653997744944] [-4.8913312166346881:4.3845878658068305] [-4.9224902690749186:4.4099928667434067] [-2.0461345485109348:9.3997166624100625] [-4.912691560553478:6.4682986188410894] [-3.7990058915163232:8.3218101767770349] [-4.0544764825722996:9.0459275488974491] [-3.6486699362333548:7.9022483790380704] [-4.3695310773268172:8.2821249247980155] [-4.3637083916409098:8.8333768478220076] [-1.4674885009539362:6.9649690463574432] [-1.5632527338024842:5.8115392830288437] [-3.0050162065160166:3.3922434302060731] [-3.9754659135460599:5.6980633833132561] [-3.6936920119855641:4.6325126262128427] [-1.759337036559959:3.4083746070090397] [-1.9111194532132407:2.2087566428412471] [-1.233755398888073:7.6875016153619971] [-1.225820605041728:2.1154182886939275] [-1.5899570796212954:2.3589047368032521] [-2.0142088061939813:4.5804102774716853] [-4.4761360421220964:3.2662706963315555] [-2.5716376390121312:0.63112705215511167] [-2.2194530234709551:10.980123617691376] none [-0.2039328355908431:11.781104169880354] [-0.21357303552187973:8.8685332104719681] [-8.6285024963885188:4.405011243349489] [-7.5611268634990019:3.6707351759750901] [-17.446582171753359:8.283237764232565] [-6.6089903205228744:2.8084877717949639] [-5.6319859196464073:2.4654360529643911] [-12.530174029637662:11.740469609095895]
tree_sizes=1526 1566 1476 1572 1579 1571 1370 1576 1193 1492 1482 1669 1577 1492 1578 1580 1589 1587 1594 1479 1589 1586 1648 1489 1585 1402 1569 1478

Tree=0
num_leaves=16
num_cat=0
split_feature=34 11 23 22 27 22 23 35 19 22 15 20 30 27 19
split_gain=1.44755 1.28074 1.02974 1.40543 0.811131 0.68355 0.36323 0.341585 0.338712 0.202867 0.186485 0.12887 0.128356 0.0566903 0.0264484
threshold=1.7317712847483937 0.46006226007194156 -0.38768319599450157 0.84894536877622173 -0.6134555866144018 -0.72222780772739492 -0.369041196450624 0.21497928464434019 0.40433915915703028 -0.88354887242004521 0.5981074910742129 0.17090908326469745 -0.21357303552187845 0.67562223769225516 -0.86126476409892494
decision_type=2 2 2 2 2 2 2 2 2 2 2 2 2 2 2
left_child=1 2 5 8 -5 9 10 -7 -4 -1 14 12 -8 -12 -3
right_child=-2 6 3 4 -6 7 11 -9 -10 -11 13 -13 -14 -15 -16
leaf_value=0.011683563528514603 0.0043427465436629729 0.010747751684386662 0.012559528622163307 0.012810595866154195 0.020524943916617529 0.0096917318449208523 0.012082715745832041 0.011681502897141163 0.0098921780767346063 0.013521544818541426 0.0071049405761958364 0.012587297030926071 0.010200146293154728 0.0095717248418694598 0.0095048950870644244
leaf_weight=243 24 34 433 24 29 277 34 103 44 70 50 25 223 23 65
leaf_count=243 24 34 433 24 29 277 34 103 44 70 50 25 223 23 65
internal_value=0.0112339 0.0113447 0.0118514 0.0128433 0.0173568 0.0110935 0.00999115 0.0102382 0.0123004 0.0121219 0.00891041 0.0106784 0.0104677 0.00774638 0.00987547
internal_weight=1701 1677 1223 530 53 693 454 380 477 313 172 282 257 73 99
internal_count=1701 1677 1223 530 53 693 454 380 477 313 172 282 257 73 99
is_linear=0
shrinkage=1


Tree=1
num_leaves=16
num_cat=0
split_feature=34 11 23 22 27 22 23 19 34 22 15 26 11 27 31
split_gain=1.37135 1.20892 0.970603 1.33257 0.767108 0.643941 0.344257 0.319595 0.30744 0.191288 0.175945 0.135203 0.0981914 0.0525869 0.0259329
threshold=1.7317712847483937 0.46006226007194156 -0.38768319599450157 0.84894536877622173 -0.35066181601506258 -0.72222780772739492 -0.369041196450624 0.40433915915703028 0.20425481155407682 -0.88354887242004521 0.5981074910742129 -2.1631217345265132 1.239209115461624 0.67562223769225516 0.11199488928856519
decision_type=2 2 2 2 2 2 2 2 2 2 2 2 2 2 2
left_child=1 2 5 7 -5 9 10 -4 -7 -1 14 -8 -13 -12 -3
right_child=-2 6 3 4 -6 8 11 -9 -10 -11 13 12 -14 -15 -16
leaf_value=0.00043630926151851177 -0.0067074182894494797 -0.00090098732529667665 0.0012861045250975379 0.0016692244224250316 0.0091588957049853863 -0.0014068839248646706 0.0015449633109220302 -0.0013040684393280126 0.00064272096698664695 0.0022218068916899192 -0.0040121309341124766 -0.00030628313361107784 -0.0015758605228439937 -0.001618092533200979 -0.0022256929589701546
leaf_weight=243 24 74 433 25 28 300 22 44 80 70 50 176 84 23 25
leaf_count=243 24 74 433 25 28 300 22 44 80 70 50 176 84 23 25
internal_value=0 0.000107732 0.00060008 0.00156307 0.00595829 -0.000135655 -0.00120724 0.00103427 -0.000965901 0.000862418 -0.00225948 -0.000537896 -0.000741158 -0.00339097 -0.00132054
internal_weight=1701 1677 1223 530 53 693 454 477 380 313 172 282 260 73 99
internal_count=1701 1677 1223 530 53 693 454 477 380 313 172 282 260 73 99
is_linear=0
shrinkage=0.03


Tree=2
num_leaves=15
num_cat=0
split_feature=35 11 23 22 27 22 35 23 21 22 11 26 11 22
split_gain=1.21128 1.21851 0.868349 1.26373 0.725693 0.564824 0.393915 0.355294 0.254103 0.180366 0.143317 0.128056 0.0924738 0.0599808
threshold=1.6554938432246427 0.46006226007194156 -0.38768319599450157 0.84894536877622173 -0.6134555866144018 -0.72222780772739492 0.21497928464434019 -0.369041196450624 0.92772376784975541 -0.88354887242004521 1.6000483399881342 -2.1631217345265132 1.239209115461624 -0.72222780772739492
decision_type=2 2 2 2 2 2 2 2 2 2 2 2 2 2
left_child=1 2 5 8 -5 9 -7 10 -4 -1 13 -9 -13 -3
right_child=-2 7 3 4 -6 6 -8 11 -10 -11 -12 12 -14 -15
leaf_value=0.00042337958642421717 -0.0056921009343456142 -0.0012493348072536968 0.0013523230856684503 0.0014901090222928257 0.0087964288767543621 -0.0014546733380896124 0.00074600157190627433 0.0015041762492805717 -0.000334745116000995 0.0021578919732758192 -0.00453766769349575 -0.00029724866587489153 -0.0015302149553157005 -0.0026700103991365029
leaf_weight=243 30 96 380 24 29 277 95 22 97 70 22 176 84 56
leaf_count=243 30 96 380 24 29 277 95 22 97 70 22 176 84 56
internal_value=0 0.000111871 0.000609738 0.00151817 0.00579855 -9.23298e-05 -0.000883201 -0.00120346 0.00100305 0.000837587 -0.0022636 -0.000521866 -0.00071991 -0.00183364
internal_weight=1701 1671 1215 530 53 685 372 456 477 313 174 282 260 152
internal_count=1701 1671 1215 530 53 685 372 456 477 313 174 282 260 152
is_linear=0
shrinkage=0.03


Tree=3
num_leaves=16
num_cat=0
split_feature=34 11 23 22 22 30 23 19 35 22 14 20 29 23 19
split_gain=1.24194 1.07894 0.86164 1.19813 0.570451 0.464318 0.307869 0.292716 0.290501 0.170063 0.16016 0.111196 0.11849 0.0769967 0.0410316
threshold=1.7317712847483937 0.46006226007194156 -0.38768319599450157 0.84894536877622173 -0.72222780772739492 -0.21356900036212281 -0.369041196450624 0.40433915915703028 0.21497928464434019 -0.88354887242004521 0.87628447105505913 0.17090908326469745 -0.20393283559083783 -0.55438049626365393 -0.86126476409892494
decision_type=2 2 2 2 2 2 2 2 2 2 2 2 2 2 2
left_child=1 2 4 7 9 -5 10 -4 -6 -1 14 12 -8 -12 -3
right_child=-2 6 3 5 8 -7 11 -9 -10 -11 13 -13 -14 -15 -16
leaf_value=0.00041083309808376858 -0.0063834804064697688 -0.00043081549996216046 0.0012142291125145082 0.0015181641794093277 -0.0014115007733277577 0.0077243084690223141 0.00084734367538319031 -0.0012634264527017526 0.00042196197789475399 0.0020958156188158957 -0.0049637414904741143 0.0012642870471879307 -0.00096040133010123156 -0.0018622720589240389 -0.001816953376731685
leaf_weight=243 24 35 433 20 277 33 34 44 103 70 23 25 223 24 90
leaf_count=243 24 35 433 20 277 33 34 44 103 70 23 25 223 24 90
internal_value=0 0.000102142 0.00056736 0.0014747 -0.000125622 0.00564273 -0.00114001 0.000972964 -0.00090729 0.000813479 -0.00213535 -0.000506312 -0.000702688 -0.00364677 -0.00147147
internal_weight=1701 1677 1223 530 693 53 454 477 380 313 172 282 257 47 125
internal_count=1701 1677 1223 530 693 53 454 477 380 313 172 282 257 47 125
is_linear=0
shrinkage=0.03


Tree=4
num_leaves=16
num_cat=0
split_feature=35 11 23 22 19 31 35 23 15 23 22 14 23 20 19
split_gain=1.09498 1.09154 0.705477 1.08692 0.592346 0.517433 0.358195 0.326865 0.31451 0.191495 0.159389 0.153835 0.080288 0.0764943 0.0222967
threshold=1.6554938432246427 0.61257781053277949 -0.38768319599450157 0.84894536877622173 0.65745901353928293 0.11199489294386282 0.21497928464434019 -0.070499029842172253 -0.16227647782011481 0.051079228052672218 -0.88354887242004521 0.87628447105505913 -0.55438049626365393 -1.6626014581429296 -0.78634050077015638
decision_type=2 2 2 2 2 2 2 2 2 2 2 2 2 2 2
left_child=1 2 5 8 -5 10 -7 11 -4 -9 -1 14 -13 -11 -3
right_child=-2 7 3 4 -6 6 -8 9 -10 13 -12 12 -14 -15 -16
leaf_value=0.00035885906321503146 -0.0054122609701007605 -0.00070267097401665517 0.0014247549125505825 0.0074134052125246902 0.00082510814256966112 -0.0014032993974045288 0.00066353255692992751 0.001995977590384427 -5.407856006624389e-05 0.00071627301845001053 0.0019227533932775261 -0.0050407464738403051 -0.0018478027879446743 -0.0010562507474202636 -0.0019143924937254804
leaf_weight=256 30 33 323 35 21 285 98 21 208 21 77 25 22 164 82
leaf_count=256 30 33 323 35 21 285 98 21 208 21 77 25 22 164 82
internal_value=0 0.000106062 0.000515469 0.00128402 0.00516122 -0.000113169 -0.000865631 -0.00132791 0.000842808 -0.000503827 0.000743348 -0.00232943 -0.00380672 -0.000830869 -0.00161881
internal_weight=1701 1671 1303 587 56 716 383 368 531 206 333 162 47 185 115
internal_count=1701 1671 1303 587 56 716 383 368 531 206 333 162 47 185 115
is_linear=0
shrinkage=0.03


Tree=5
num_leaves=16
num_cat=0
split_feature=34 11 23 22 27 22 23 35 15 22 15 26 11 27 32
split_gain=1.12276 0.971561 0.7663 1.07518 0.653324 0.505738 0.277683 0.25956 0.23997 0.151567 0.144825 0.110338 0.0836181 0.0467405 0.0234342
threshold=1.7317712847483937 0.46006226007194156 -0.38768319599450157 0.84894536877622173 -0.35066181601506258 -0.72222780772739492 -0.369041196450624 0.21497928464434019 -0.16227647782011481 -0.88354887242004521 0.5981074910742129 -2.1631217345265132 1.239209115461624 0.67562223769225516 0.11991338652128124
decision_type=2 2 2 2 2 2 2 2 2 2 2 2 2 2 2
left_child=1 2 5 8 -5 9 10 -7 -4 -1 14 -8 -13 -12 -3
right_child=-2 6 3 4 -6 7 11 -9 -10 -11 13 12 -14 -15 -16
leaf_value=0.00038802394732849233 -0.0060697527163558534 -0.00077827302059279636 0.0014547992762935676 0.0013972795068402772 0.008292950515785524 -0.0013279614555873976 0.0013986913255602119 0.00040407529476132759 6.0892412928545753e-05 0.0019802129386401134 -0.0036341841671404976 -0.00026152550477361052 -0.0014338896075054876 -0.0014069660870501628 -0.0020236150084861687
leaf_weight=243 24 74 290 25 28 277 22 103 187 70 50 176 84 23 25
leaf_count=243 24 74 290 25 28 277 22 103 187 70 50 176 84 23 25
internal_value=0 9.68262e-05 0.000538371 0.00139405 0.00534295 -0.000114925 -0.00108178 -0.000851168 0.000918387 0.000769017 -0.00202732 -0.000479278 -0.000663732 -0.00305517 -0.00117243
internal_weight=1701 1677 1223 530 53 693 454 380 477 313 172 282 260 73 99
internal_count=1701 1677 1223 530 53 693 454 380 477 313 172 282 260 73 99
is_linear=0
shrinkage=0.03


Tree=6
num_leaves=14
num_cat=0
split_feature=34 23 22 29 35 15 13 29 29 20 19 16 14
split_gain=1.06365 0.625955 0.639728 1.16409 0.426967 0.348038 0.320533 0.276398 0.269772 0.239027 0.152299 0.133271 0.0441473
threshold=1.7317712847483937 -0.38768319599450157 0.84894536877622173 -0.20391975836091839 -1.0107642774836181 -0.16227647782011481 1.3593994768697171 -0.20389183629662411 -0.19075404538812341 0.12672810636330881 -0.26592454837949137 0.31040127407618651 0.83930782687712391
decision_type=2 2 2 2 2 2 2 2 2 2 2 2 2
left_child=1 4 5 11 8 9 7 -6 -1 -3 -7 -4 -8
right_child=-2 2 3 -5 6 10 12 -9 -10 -11 -12 -13 -14
leaf_value=0.0039645275488495828 -0.0059078927271895938 0.00068717771026982849 0.0018032133197111468 0.0068305234673401768 4.4713627790825107e-05 0.00011705028623373436 -0.001530897084981776 -0.0010964533856275319 0 0.0032604809258435226 -0.0012357699332656922 -0.00079963992764241979 -0.0040495806107870656
leaf_weight=27 24 376 28 38 395 189 23 358 32 34 117 37 23
leaf_count=27 24 376 28 38 395 189 23 358 32 34 117 37 23
internal_value=0 9.4163e-05 0.000687622 0.0028676 -0.000469258 0.000359193 -0.000656005 -0.000496063 0.00192073 0.000929971 -0.000397472 0.000307559 -0.00302229
internal_weight=1701 1677 819 103 858 716 799 753 59 410 306 65 46
internal_count=1701 1677 819 103 858 716 799 753 59 410 306 65 46
is_linear=0
shrinkage=0.03


Tree=7
num_leaves=16
num_cat=0
split_feature=34 11 23 22 22 30 19 23 35 22 14 26 29 19 19
split_gain=1.00773 0.903867 0.687902 0.959533 0.456862 0.377638 0.272823 0.249945 0.24758 0.144661 0.130814 0.104043 0.07748 0.0663398 0.0344781
threshold=1.7317712847483937 0.46006226007194156 -0.38768319599450157 0.84894536877622173 -0.72222780772739492 -0.21356900036212281 0.40433915915703028 -0.369041196450624 0.21497928464434019 -0.88354887242004521 0.87628447105505913 -2.1631217345265132 -0.20393283559083783 1.5079452616345781 -0.86126476409892494
decision_type=2 2 2 2 2 2 2 2 2 2 2 2 2 2 2
left_child=1 2 4 6 9 -5 -4 10 -6 -1 14 -9 -13 -12 -3
right_child=-2 7 3 5 8 -7 -8 11 -10 -11 13 12 -14 -15 -16
leaf_value=0.00036662657181233684 -0.0057503488924768231 -0.00037738370863524707 0.0011120472522957118 0.0013296069872120151 -0.001267012429866918 0.0069380969915849473 -0.0012791377867849424 0.0013501597399078308 0.00042425877250481685 0.0019219616052681863 -0.0043269281663000586 0.00065652633330105076 -0.00084763309220240986 -0.0014286225235656551 -0.0016553015197972737
leaf_weight=243 24 35 433 20 277 33 44 22 103 70 27 31 229 20 90
leaf_count=243 24 35 433 20 277 33 44 22 103 70 27 31 229 20 90
internal_value=0 9.18227e-05 0.000517771 0.00132849 -0.000101004 0.00505987 0.000878611 -0.00104491 -0.000801024 0.000738903 -0.00194257 -0.000472193 -0.000651441 -0.00331332 -0.00133815
internal_weight=1701 1677 1223 530 693 53 477 454 380 313 172 282 260 47 125
internal_count=1701 1677 1223 530 693 53 477 454 380 313 172 282 260 47 125
is_linear=0
shrinkage=0.03


Tree=8
num_leaves=12
num_cat=0
split_feature=34 13 23 22 19 35 15 29 29 33 14
split_gain=0.954655 0.563014 0.534301 0.867962 0.678918 0.360779 0.274729 0.256688 0.234238 0.109268 0.0759877
threshold=1.7317712847483937 1.3593994768697171 -0.38768319599450157 0.84894536877622173 0.096544379996902283 -0.82439819983291274 -0.16227647782011481 -0.20389183629662411 -0.19075404538812341 0.015235532088625083 0.83930782687712391
decision_type=2 2 2 2 2 2 2 2 2 2 2
left_child=1 2 5 6 -5 8 -4 -7 -1 -3 -11
right_child=-2 9 3 4 -6 7 -8 -9 -10 10 -12
leaf_value=0.0036836111373268064 -0.0055970063573784297 -0.00037244457532161553 0.0009477734826500129 0.0066911079490788615 0.0010879345554763412 4.5434813350588248e-05 -0.00027823395698406075 -0.0010556702807983111 0 -0.0016139132564089126 -0.0039168660859095639
leaf_weight=29 24 35 400 35 46 395 271 356 31 53 26
leaf_count=29 24 35 400 35 46 395 271 356 31 53 26
internal_value=0 8.92243e-05 0.000240752 0.000816275 0.00369727 -0.000290257 0.000449134 -0.000474672 0.00188306 -0.00191557 -0.002524
internal_weight=1701 1677 1563 752 81 811 671 751 60 114 79
internal_count=1701 1677 1563 752 81 811 671 751 60 114 79
is_linear=0
shrinkage=0.03


Tree=9
num_leaves=15
num_cat=0
split_feature=34 16 23 22 19 22 15 34 35 15 33 19 18 17
split_gain=0.9044 0.540936 0.630147 0.644552 0.707503 0.343733 0.263952 0.261276 0.181078 0.154373 0.119592 0.0983225 0.0501031 0.0320742
threshold=1.7317712847483937 1.0671049513554955 -0.38768319599450157 0.84894536877622173 0.096544379996902283 -0.72222780772739492 -0.16227647782011481 0.20425481155407682 -0.74148492352368289 -0.055054957958449308 0.015235653367574556 -0.45019633559166522 -0.34093950937890877 1.0066224922717484
decision_type=2 2 2 2 2 2 2 2 2 2 2 2 2 2
left_child=1 2 5 6 -5 8 -4 -7 -1 12 -11 -12 -3 -14
right_child=-2 9 3 4 -6 7 -8 -9 -10 10 11 -13 13 -15
leaf_value=0.0019339851640299026 -0.0054477528002527028 -0.0012993385774399419 0.0011644057048532217 0.0065062218412609875 0.00092299270642183301 -0.0012222141631879951 -0.00013277347335388185 0.00064564033214238484 0.00010265430524404839 -3.4475496530548886e-05 -0.0011663221332450832 -0.0033755181892862864 -0.00037281361040388146 0.00083335269071782624
leaf_weight=56 24 39 331 35 50 333 237 80 303 26 43 50 70 24
leaf_count=56 24 39 331 35 50 333 237 80 303 26 43 50 70 24
internal_value=0 8.67871e-05 0.000315576 0.00100031 0.00339949 -0.000261366 0.000620045 -0.000851144 0.000410269 -0.00118369 -0.00196355 -0.00245368 -0.000435934 -1.76791e-05
internal_weight=1701 1677 1425 653 85 772 568 413 359 252 119 93 133 94
internal_count=1701 1677 1425 653 85 772 568 413 359 252 119 93 133 94
is_linear=0
shrinkage=0.03


Tree=10
num_leaves=15
num_cat=0
split_feature=34 11 31 35 35 22 35 11 30 29 11 35 21 30
split_gain=0.856777 0.814327 0.54126 1.5946 0.47787 0.449085 0.188951 0.18631 0.161398 0.115761 0.110558 0.0877761 0.0572721 0.0554415
threshold=1.7317712847483937 0.45282491077285408 0.11202041390703683 0.1846597803395241 0.21204345071724376 0.84894536877622173 -0.36885251478695874 1.3083692549064441 -0.20963149295970293 -0.20393283559083783 -0.94124678379147519 0.18429761758907073 -0.46898968726117368 -0.21344629134656976
decision_type=2 2 2 2 2 2 2 2 2 2 2 2 2 2
left_child=1 2 3 6 10 -5 -1 9 -6 -3 -4 -11 -9 -14
right_child=-2 7 4 5 8 -7 -8 12 -10 11 -12 -13 13 -15
leaf_value=0.0017017777026444236 -0.0053024795916345388 0.0011024744811547861 -0.00023524393620136293 0.0030849390159564793 0.0021351243276100523 0.0086755953955650316 0.00032404698312447872 -0.0030781498826292684 7.8367689543713215e-05 -0.0010820105489835572 -0.0017857642539036846 1.5888866040768333e-05 -0.0006944308929141389 -0.0023576066991755442
leaf_weight=103 24 29 64 45 51 22 673 35 104 221 154 85 56 35
leaf_count=103 24 29 64 45 51 22 673 35 104 221 154 85 56 35
internal_value=0 8.43713e-05 0.000493 0.000914198 -0.00045065 0.00525667 0.000516616 -0.00098324 0.000801785 -0.000590808 -0.00135351 -0.000770136 -0.00196535 -0.00142086
internal_weight=1701 1677 1216 843 373 67 776 461 155 335 218 306 126 91
internal_count=1701 1677 1216 843 373 67 776 461 155 335 218 306 126 91
is_linear=0
shrinkage=0.03


Tree=11
num_leaves=17
num_cat=0
split_feature=34 11 23 22 27 22 19 23 35 22 14 11 29 23 7 19
split_gain=0.811751 0.769034 0.571524 0.802776 0.498237 0.379361 0.258981 0.213064 0.211766 0.146821 0.112699 0.0818056 0.0597366 0.0587054 0.0497995 0.0324291
threshold=1.7317712847483937 0.45282491077285408 -0.38768319599450157 0.84894536877622173 -0.6134555866144018 -0.72222780772739492 0.30714092939449683 -0.369041196450624 0.21497928464434019 -0.88354887242004521 0.87628447105505913 1.239209115461624 -0.20393283559083783 -0.55438049626365393 0.72770343804461846 -0.96048761769440094
decision_type=2 2 2 2 2 2 2 2 2 2 2 2 2 2 2 2
left_child=1 2 5 6 -5 9 -4 10 -7 -1 15 12 -9 -12 -13 -3
right_child=-2 7 3 4 -6 8 -8 11 -10 -11 13 14 -14 -15 -16 -17
leaf_value=0.00031198159032149901 -0.005161079890198178 -0.00026782962481956932 0.0011021325713101058 0.0010019775850053589 0.0071197853588964794 -0.0011521363909129702 -0.00084919467951912212 0.0011439109949191331 0.00041077586166819556 0.0018835382989127538 -0.0042050795474877726 -0.0017453392295990072 -0.00029870449470322842 -0.0015061009634907046 -0.00019056415501444673 -0.001514679875683214
leaf_weight=243 24 33 404 23 29 277 68 27 103 69 23 53 172 24 36 93
leaf_count=243 24 33 404 23 29 277 68 27 103 69 23 53 172 24 36 93
internal_value=0 8.23161e-05 0.000479463 0.00122421 0.00467063 -8.30125e-05 0.000811106 -0.000955118 -0.000720773 0.00068369 -0.00178436 -0.000433426 -7.40394e-05 -0.00305994 -0.00117577 -0.0012252
internal_weight=1701 1677 1216 524 52 692 472 461 380 312 173 288 199 47 89 126
internal_count=1701 1677 1216 524 52 692 472 461 380 312 173 288 199 47 89 126
is_linear=0
shrinkage=0.03


Tree=12
num_leaves=16
num_cat=0
split_feature=34 11 23 22 27 31 34 19 23 19 15 26 29 27 19
split_gain=0.768925 0.727328 0.538709 0.761266 0.470556 0.359092 0.353074 0.247695 0.201766 0.145853 0.109123 0.092394 0.0650924 0.0374318 0.0220962
threshold=1.7317712847483937 0.45282491077285408 -0.38768319599450157 0.84894536877622173 -0.6134555866144018 0.11200586226338262 0.15700091876340341 -0.48462036968294631 -0.369041196450624 -1.2267710154992957 0.5981074910742129 -2.1631217345265132 -0.20393283559083783 0.67562223769225516 0.63619775135896628
decision_type=2 2 2 2 2 2 2 2 2 2 2 2 2 2 2
left_child=1 2 5 7 -5 9 -7 -4 10 -1 14 -10 -13 -12 -3
right_child=-2 8 3 4 -6 6 -8 -9 11 -11 13 12 -14 -15 -16
leaf_value=0.002694077980632965 -0.0050234511759546067 -0.00062792227902592937 0.0015449321692587513 0.00097538661777686608 0.006926216358784586 -0.0019414656261245303 0.00010895935388753759 0.00015164452712584036 0.0012963841115310785 0.00033853259409440242 -0.003148274703074317 0.00060974805480252723 -0.00076332918237814068 -0.0011626157432508008 -0.0018038005517529588
leaf_weight=23 24 75 211 23 29 141 153 261 22 375 50 31 235 23 25
leaf_count=23 24 75 211 23 29 141 153 261 22 375 50 31 235 23 25
internal_value=0 7.97526e-05 0.000466027 0.00118909 0.00454544 -7.99454e-05 -0.000873984 0.000786631 -0.0009291 0.000501275 -0.0017362 -0.00042107 -0.000587141 -0.00263272 -0.000994994
internal_weight=1701 1677 1216 524 52 692 294 472 461 398 173 288 266 73 100
internal_count=1701 1677 1216 524 52 692 294 472 461 398 173 288 266 73 100
is_linear=0
shrinkage=0.03


Tree=13
num_leaves=15
num_cat=0
split_feature=34 11 23 22 19 31 19 23 34 23 22 11 20 19
split_gain=0.728497 0.688762 0.45268 0.662643 0.381583 0.356103 0.24126 0.207861 0.198984 0.155721 0.131342 0.0872639 0.0590819 0.0312263
threshold=1.7317712847483937 0.61257781053277949 -0.38768319599450157 0.84894536877622173 0.65745901353928293 0.11199489294386282 0.30714092939449683 -0.070499029842172253 0.20425481155407682 0.051079228052672218 -0.88354887242004521 1.6000483399881342 -1.6626014581429296 -0.78634050077015638
decision_type=2 2 2 2 2 2 2 2 2 2 2 2 2 2
left_child=1 2 5 6 -5 10 -4 11 -7 -9 -1 13 -11 -3
right_child=-2 7 3 4 -6 8 -8 9 -10 12 -12 -13 -14 -15
leaf_value=0.00026651831844782913 -0.0048894925183720064 -0.00040426924451458036 0.00092853369675319664 0.005855371133485613 0.00055550310364924375 -0.001057486430459521 -0.0008945361412968486 0.0018447726296726614 0.00058142727147331966 0.00064746734523214397 0.0016849295967898798 -0.0035800629705190655 -0.00090282083888368087 -0.001723550495732872
leaf_weight=256 24 29 459 35 21 311 72 21 80 21 77 24 164 107
leaf_count=256 24 29 459 35 21 311 72 21 80 21 77 24 164 107
internal_value=0 7.77456e-05 0.000400882 0.00101818 0.00404807 -9.76199e-05 0.000672083 -0.00106544 -0.000712671 -0.000406494 0.000615543 -0.00187232 -0.000703361 -0.00147861
internal_weight=1701 1677 1311 587 56 724 531 366 391 206 333 160 185 136
internal_count=1701 1677 1311 587 56 724 531 366 391 206 333 160 185 136
is_linear=0
shrinkage=0.03


Tree=14
num_leaves=16
num_cat=0
split_feature=34 11 31 35 35 30 35 11 30 11 29 35 33 14 36
split_gain=0.690161 0.655322 0.455861 1.38417 0.406438 0.366015 0.172691 0.160548 0.153022 0.107406 0.0951233 0.0794137 0.0571991 0.0532302 0.0193294
threshold=1.7317712847483937 0.45282491077285408 0.11202041390703683 0.1846597803395241 0.21204345071724376 -0.21355424902050382 -0.36885251478695874 1.3083692549064441 -0.20963149295970293 -0.94124678379147519 -0.20393283559083783 0.18429761758907073 0.01523580846464128 0.65569568732668226 0.029827732173700348
decision_type=2 2 2 2 2 2 2 2 2 2 2 2 2 2 2
left_child=1 2 3 6 9 -5 -1 10 -6 -4 -3 -12 14 -14 -9
right_child=-2 7 4 5 8 -7 -8 12 -10 -11 11 -13 13 -15 -16
leaf_value=0.001590825436025625 -0.0047591061575545206 0.0010144078780431299 -0.00015940397672716583 0.0066505196319763043 0.00202784378772291 0.0017423550114966926 0.0002744666198401136 -0.00022061182509231219 2.7923874570074201e-05 -0.0016810486621955992 -0.00097788775323429675 6.5459748986706299e-05 -0.0014841857238070051 -0.0035294720712920713 -0.0015331608919659627
leaf_weight=103 24 29 64 40 51 27 673 31 104 154 221 85 48 26 21
leaf_count=103 24 29 64 40 51 27 673 31 104 154 221 85 48 26 21
internal_value=0 7.56705e-05 0.000442409 0.00082909 -0.000423174 0.0048749 0.000458494 -0.000881832 0.000730958 -0.00125613 -0.000517235 -0.000680539 -0.00179337 -0.00235127 -0.000859939
internal_weight=1701 1677 1216 843 373 67 776 461 155 218 335 306 126 74 52
internal_count=1701 1677 1216 843 373 67 776 461 155 218 335 306 126 74 52
is_linear=0
shrinkage=0.03


Tree=15
num_leaves=16
num_cat=0
split_feature=35 11 23 22 27 22 34 19 23 22 14 26 23 11 19
split_gain=0.656261 0.664744 0.433614 0.662672 0.409385 0.281333 0.246713 0.227747 0.191495 0.129026 0.116563 0.0829659 0.0646982 0.0582225 0.0283374
threshold=1.6554938432246427 0.45282491077285408 -0.38768319599450157 0.84894536877622173 -0.6134555866144018 -0.72222780772739492 0.20425481155407682 0.40433915915703028 -0.369041196450624 -0.88354887242004521 0.87628447105505913 -2.1631217345265132 -0.55438049626365393 1.239209115461624 -0.96048761769440094
decision_type=2 2 2 2 2 2 2 2 2 2 2 2 2 2 2
left_child=1 2 5 7 -5 9 -7 -4 10 -1 14 -10 -12 -13 -3
right_child=-2 8 3 4 -6 6 -8 -9 11 -11 12 13 -14 -15 -16
leaf_value=0.00026752221858818875 -0.0041903359075500211 -0.00019950888824071927 0.00094129715102599543 0.00089484856277704237 0.0064541658726520838 -0.00098154036019782375 0.0009293273490294814 -0.0012430157046430703 0.0012433008275181054 0.0017407471009840568 -0.0040136037756289752 -0.00021132131360055928 -0.0013348398622539306 -0.001187983042239372 -0.0013612111489528615
leaf_weight=243 30 33 428 23 29 300 72 44 22 69 25 182 24 84 93
leaf_count=243 30 33 428 23 29 300 72 44 22 69 25 182 24 84 93
internal_value=0 8.17606e-05 0.000453769 0.00110071 0.00423272 -4.01207e-05 -0.000599219 0.000724794 -0.00087907 0.000616331 -0.00165888 -0.000382703 -0.00291195 -0.000540702 -0.00109193
internal_weight=1701 1671 1208 524 52 684 372 472 463 312 175 288 49 266 126
internal_count=1701 1671 1208 524 52 684 372 472 463 312 175 288 49 266 126
is_linear=0
shrinkage=0.03


Tree=16
num_leaves=16
num_cat=0
split_feature=34 11 23 34 30 31 34 36 23 35 14 26 29 23 19
split_gain=0.622715 0.585385 0.436291 0.520645 0.921361 0.300961 0.30477 0.279815 0.166082 0.132897 0.091212 0.0786033 0.0559577 0.0487292 0.0264871
threshold=1.7317712847483937 0.45282491077285408 -0.38768319599450157 0.14771277408092906 -0.21354931567252702 0.11200586226338262 0.15700091876340341 0.029815862963377075 -0.369041196450624 -0.30410253857593633 0.87628447105505913 -2.1631217345265132 -0.20393283559083783 -0.55438049626365393 -0.96048761769440094
decision_type=2 2 2 2 2 2 2 2 2 2 2 2 2 2 2
left_child=1 2 5 7 -5 9 -7 -4 10 -1 14 -10 -13 -12 -3
right_child=-2 8 3 4 -6 6 -8 -9 11 -11 13 12 -14 -15 -16
leaf_value=0.0017691519557440187 -0.0045208470539914239 -0.00019402241793189506 3.1054878555747281e-05 0.0053980750048258268 0.00076536413922216389 -0.0017918663253852476 0.00011197943687147927 0.0024243400201667104 0.0012104776520468292 0.00021785788044022662 -0.0037553791804955557 0.00058127138313070377 -0.00068934732733026325 -0.0012992441331217477 -0.0013216509393096203
leaf_weight=57 24 33 303 58 114 141 153 49 22 341 23 31 235 24 93
leaf_count=57 24 33 303 58 114 141 153 49 22 341 23 31 235 24 93
internal_value=0 7.16123e-05 0.000418319 0.00106907 0.00241046 -7.26154e-05 -0.000799865 0.000390334 -0.000833238 0.000459083 -0.00156581 -0.00037127 -0.000525284 -0.00271439 -0.00106096
internal_weight=1701 1677 1216 524 172 692 294 352 461 398 173 288 266 47 126
internal_count=1701 1677 1216 524 172 692 294 352 461 398 173 288 266 47 126
is_linear=0
shrinkage=0.03


Tree=17
num_leaves=16
num_cat=0
split_feature=35 11 23 22 19 31 34 15 23 23 19 14 23 11 19
split_gain=0.593905 0.597131 0.339917 0.544237 0.327748 0.267073 0.351489 0.229225 0.189964 0.140365 0.136891 0.0809519 0.0498729 0.0487453 0.0128118
threshold=1.6554938432246427 0.61257781053277949 -0.38768319599450157 0.84894536877622173 0.65745901353928293 0.11200586226338262 0.15700091876340341 -0.14537532497282213 -0.070499029842172253 0.051079228052672218 -1.2267710154992957 0.87628447105505913 -0.55438049626365393 1.3380790818585906 -0.78634050077015638
decision_type=2 2 2 2 2 2 2 2 2 2 2 2 2 2 2
left_child=1 2 5 7 -5 10 -7 -4 11 -10 -1 14 -13 -11 -3
right_child=-2 8 3 4 -6 6 -8 -9 9 13 -12 12 -14 -15 -16
leaf_value=0.0023560631722211833 -0.0039864516214636915 -0.00049229824811516205 0.0010921634185972898 0.0053343635822744352 0.00042872513481415807 -0.0017868000493775045 0.00026130815733973719 -0.00017239186850453664 0.001785603331052698 -0.00024943917985055888 0.00026105310405707212 -0.0038038657275693754 -0.0012893783219810574 -0.0013197818091070985 -0.001443720381780911
leaf_weight=28 30 33 326 35 21 145 148 205 21 124 395 25 22 61 82
leaf_count=28 30 33 326 35 21 145 148 205 21 124 395 25 22 61 82
internal_value=0 7.76199e-05 0.000380863 0.000914338 0.00366094 -5.4314e-05 -0.000749962 0.00060012 -0.000982404 -0.000350671 0.000422388 -0.00174656 -0.00283485 -0.000633749 -0.00121558
internal_weight=1701 1671 1303 587 56 716 293 531 368 206 423 162 47 185 115
internal_count=1701 1671 1303 587 56 716 293 531 368 206 423 162 47 185 115
is_linear=0
shrinkage=0.03


Tree=18
num_leaves=16
num_cat=0
split_feature=35 11 23 34 30 36 31 34 23 26 11 20 29 29 36
split_gain=0.561877 0.567663 0.363778 0.47552 0.851109 0.265971 0.238724 0.219331 0.163642 0.123735 0.0786619 0.0734831 0.0784462 0.0326158 0.019317
threshold=1.6554938432246427 0.45282491077285408 -0.38768319599450157 0.14771277408092906 -0.21354931567252702 0.029815862963377075 0.11199489298023253 0.20425481155407682 -0.369041196450624 -0.038839031201301409 0.93622923521050316 -0.0058148243408569162 -0.20393283559083783 -0.20393268086952557 0.029808400890050029
decision_type=2 2 2 2 2 2 2 2 2 2 2 2 2 2 2
left_child=1 2 6 5 -5 -4 9 -8 10 -1 14 12 -10 -12 -3
right_child=-2 8 3 4 -6 -7 7 -9 11 -11 13 -13 -14 -15 -16
leaf_value=-0.00059034311823711499 -0.0038777302943000741 -0.00024576878646502689 1.2460163142760375e-05 0.0051649965386776648 0.00071218681574846873 0.0023453585791509027 -0.00090920195991512265 0.00089181204043794419 0.00070918075747888627 0.00086925888678066315 -0.0010768255545602489 0.00083731946175416485 -0.00075798058808555758 -0.0026403323421712783 -0.0012716640492378755
leaf_weight=61 30 46 303 58 114 49 300 72 34 251 33 36 218 58 38
leaf_count=61 30 46 303 58 114 49 300 72 34 251 33 36 218 58 38
internal_value=0 7.52355e-05 0.000419133 0.00101169 0.00229366 0.000362736 -3.28857e-05 -0.000548273 -0.000812501 0.00057146 -0.00153375 -0.000352641 -0.000542251 -0.00215772 -0.000772194
internal_weight=1701 1671 1208 524 172 352 684 372 463 312 175 288 252 91 84
internal_count=1701 1671 1208 524 172 352 684 372 463 312 175 288 252 91 84
is_linear=0
shrinkage=0.03


Tree=19
num_leaves=15
num_cat=0
split_feature=34 11 23 22 21 31 34 19 23 35 11 20 29 19
split_gain=0.536202 0.498799 0.36697 0.534829 0.342696 0.2563 0.264923 0.221363 0.141627 0.126003 0.0824539 0.0693669 0.0741192 0.0417799
threshold=1.7317712847483937 0.45282491077285408 -0.38768319599450157 0.84894536877622173 0.071986594261305173 0.11200586226338262 0.15700091876340341 -0.48462036968294631 -0.369041196450624 -0.30410253857593633 1.6000483399881342 -0.0058148243408569162 -0.20393283559083783 -0.96048761769440094
decision_type=2 2 2 2 2 2 2 2 2 2 2 2 2 2
left_child=1 2 5 7 -5 9 -7 -4 10 -1 13 12 -10 -3
right_child=-2 8 3 4 -6 6 -8 -9 11 -11 -12 -13 -14 -15
leaf_value=0.0017018430628988424 -0.0041952556139892997 0 0.0013606169160828648 0.0009321801842722509 0.0059928936935961241 -0.0016600352347886655 0.00011391253719473472 4.5903454094183294e-05 0.00068963037024730362 0.00019199338134785645 -0.0031533437776565549 0.00081413213706960389 -0.00073554983474045563 -0.0013596213326593862
leaf_weight=57 24 29 211 25 27 141 153 261 34 341 22 36 218 122
leaf_count=57 24 29 211 25 27 141 153 261 34 341 22 36 218 122
internal_value=0 6.62662e-05 0.000386431 0.000983261 0.00379796 -6.34797e-05 -0.000734932 0.000644822 -0.000768821 0.000426824 -0.0014457 -0.000341199 -0.000525648 -0.00112085
internal_weight=1701 1677 1216 524 52 692 294 472 461 398 173 288 252 151
internal_count=1701 1677 1216 524 52 692 294 472 461 398 173 288 252 151
is_linear=0
shrinkage=0.03


Tree=20
num_leaves=16
num_cat=0
split_feature=31 11 23 29 29 23 22 31 34 11 17 14 22 22 21
split_gain=0.515376 0.440587 0.323345 0.465703 0.371635 0.224227 0.200324 0.157783 0.253008 0.157764 0.16227 0.0980756 0.0961876 0.0556383 0.0064305
threshold=0.34135335442892545 -0.086584391288970455 -0.38768319599450157 -0.20393002871037627 -0.20383783435354791 -0.56005414829874767 1.6530320791258097 0.11200586226338262 0.22363787595860926 1.3083692549064441 -0.58864669659347146 -0.74039086694607648 -0.48358272393693219 0.94384774950238171 0.95804755017434473
decision_type=2 2 2 2 2 2 2 2 2 2 2 2 2 2 2
left_child=1 2 7 12 -5 -2 9 11 -9 10 -3 -1 -4 -11 -7
right_child=5 6 3 4 -6 14 -8 8 -10 13 -12 -13 -14 -15 -16
leaf_value=-4.560804439671827e-05 -0.0042153560553278239 -0.0011452790590572276 -0.00096355649153701949 0.0047966279283245192 0.0014771127916163888 -0.00013274077599350636 -0.0023098230732037971 -0.00098127709320831261 0.0013004104378372798 -0.0017289090698235669 0.00012187678806578525 0.0010736817265043787 0.00066076870879624029 -0.00012614693970452727 -0.001123849707574624
leaf_weight=111 32 105 45 44 112 20 43 178 54 77 562 168 98 32 20
leaf_count=111 32 105 45 44 112 20 43 178 54 77 562 168 98 32 20
internal_value=0 0.000110845 0.000607268 0.00138674 0.00250509 -0.00243252 -0.000376897 0.000139908 -0.000427607 -0.000257455 -7.73578e-05 0.000621987 0.000119773 -0.00130114 -0.000741897
internal_weight=1701 1629 810 299 156 72 819 511 232 776 667 279 143 109 40
internal_count=1701 1629 810 299 156 72 819 511 232 776 667 279 143 109 40
is_linear=0
shrinkage=0.03


Tree=21
num_leaves=16
num_cat=0
split_feature=31 11 23 30 30 23 22 30 22 11 17 30 22 23 14
split_gain=0.488453 0.416052 0.305141 0.439811 0.370196 0.21122 0.189188 0.167569 0.238854 0.151402 0.205539 0.11084 0.0907981 0.0869797 0.00645923
threshold=0.34135335442892545 -0.086584391288970455 -0.38768319599450157 -0.21357260937759145 -0.21355424902050382 -0.56005414829874767 1.6530320791258097 -0.21356749083639753 -1.0992667873510829 0.86941644062169587 -0.56147254930727952 -0.21357303538970165 -0.48358272393693219 -0.92154683510608348 -0.34130908303661911
decision_type=2 2 2 2 2 2 2 2 2 2 2 2 2 2 2
left_child=1 2 7 12 -5 -2 9 11 -9 10 -3 -1 -4 -11 -7
right_child=5 6 3 4 -6 14 -8 8 -10 13 -12 -13 -14 -15 -16
leaf_value=-0.00025387616316826703 -0.0040997348440544945 -0.0012237159178289587 -0.00093645645049400615 0.0048671723793498999 0.00146828927847502 -0.00011953175687433583 -0.0022450475942991347 0.0016725922022734513 -0.00045144219054807534 -0.0024129762200172989 0.00027474805556436627 0.0016992132969019221 0.00064153444202355158 -0.00063815061765305325 -0.0011042780669244087
leaf_weight=33 32 97 45 40 116 20 43 52 343 29 464 83 98 186 20
leaf_count=33 32 97 45 40 116 20 43 52 343 29 464 83 98 186 20
internal_value=0 0.000107527 0.000589971 0.00134722 0.00243406 -0.00236851 -0.000366377 0.000135771 -0.000153785 -0.00025018 5.20523e-06 0.00112599 0.000115377 -0.000921219 -0.000724363
internal_weight=1701 1629 810 299 156 72 819 511 395 776 561 116 143 215 40
internal_count=1701 1629 810 299 156 72 819 511 395 776 561 116 143 215 40
is_linear=0
shrinkage=0.03


Tree=22
num_leaves=17
num_cat=0
split_feature=31 11 31 35 35 22 30 35 11 18 22 19 22 11 10 18
split_gain=0.462967 0.394226 0.267338 1.02646 0.399214 0.271556 0.199856 0.140142 0.109089 0.0970192 0.0813431 0.0634333 0.0974246 0.0383035 0.0111479 0.00753855
threshold=0.34135335442892545 0.45282491077285408 0.11202041390703683 0.1846597803395241 0.21204345071724376 0.84894536877622173 -0.098205080749990334 -0.36885251478695874 -0.94124678379147519 -0.38050954506953133 0.41268003335598752 0.6250596134057691 0.94384774950238171 0.90685592858929687 0.6349803538477572 -1.0215990033791993
decision_type=2 2 2 2 2 2 2 2 2 2 2 2 2 2 2 2
left_child=1 2 3 7 8 -5 -2 -1 -4 13 -6 12 -11 14 -3 -15
right_child=6 9 4 5 10 -7 -8 -9 -10 11 -12 -13 -14 15 -16 -17
leaf_value=0.001377533172659207 -0.0037318724754561742 -0.00087415705025196066 -7.8753686975687727e-06 0.0024435632049280682 2.5471770428402089e-05 0.0068422561722993854 -0.0004584199642082928 0.00019266576396529615 -0.0015287805407980246 -0.00030347032295106803 0.001583473868557485 -0.0014441183948310445 0.0016692248997814019 -0.00099836319067981086 0 -0.002004044507596908
leaf_weight=103 38 52 64 45 55 22 34 673 152 212 77 34 22 39 26 53
leaf_count=103 38 52 64 45 55 22 34 673 152 212 77 34 22 39 26 53
internal_value=0 0.000104327 0.00038884 0.000678024 -0.000302944 0.00416211 -0.00230624 0.000358486 -0.00109812 -0.000659894 0.000971521 -0.000283941 -8.65633e-05 -0.00122003 -0.000628492 -0.00165429
internal_weight=1701 1629 1191 843 348 67 72 776 216 438 132 268 234 170 78 92
internal_count=1701 1629 1191 843 348 67 72 776 216 438 132 268 234 170 78 92
is_linear=0
shrinkage=0.03


Tree=23
num_leaves=15
num_cat=0
split_feature=31 11 31 35 35 30 22 29 29 29 30 30 20 14
split_gain=0.438033 0.381723 0.245193 0.627624 0.253942 0.188464 0.173833 0.142352 0.140784 0.182268 0.0973339 0.0631352 0.0592237 0.02927
threshold=0.34135335442892545 -0.086584391288970455 0.11201365322299009 0.1846597803395241 0.21497928464434019 -0.098205080749990334 1.6530320791258097 -0.20375518302286552 -0.20393283559083783 -0.2039328354979251 -0.2135575863821326 -0.21067695074507822 0.14881859481400314 -0.53146642320386406
decision_type=2 2 2 2 2 2 2 2 2 2 2 2 2 2
left_child=1 2 3 7 12 -2 8 -1 13 -10 -5 -6 -4 -3
right_child=5 6 4 10 11 -7 -8 -9 9 -11 -12 -13 -14 -15
leaf_value=0.00032934374773622798 -0.0036281083521501321 0.0020471230832778886 0.00053910734001081436 0.0055896249678399831 0.0022239118304432314 -0.00044578243386491224 -0.0021535683552451105 0.0015931702581600152 -0.0014868723412314218 -0.00015082660255124564 0.0020243870671838517 0.00040704302124616401 -0.00098334746384976576 0.00046624928562669082
leaf_weight=396 38 20 22 24 31 34 43 102 107 612 21 49 165 37
leaf_count=396 38 20 22 24 31 34 43 102 107 612 21 49 165 37
internal_value=0 0.000101474 0.000563654 0.000928931 -0.000170168 -0.00224329 -0.000352366 0.000602178 -0.000240797 -0.000359161 0.00421886 0.00120216 -0.000782762 0.00114556
internal_weight=1701 1629 810 543 267 72 819 498 776 719 45 80 187 57
internal_count=1701 1629 810 543 267 72 819 498 776 719 45 80 187 57
is_linear=0
shrinkage=0.03


Tree=24
num_leaves=16
num_cat=0
split_feature=31 11 19 22 27 23 21 23 23 17 11 19 31 21 16
split_gain=0.414642 0.361215 0.251097 0.716995 0.253969 0.180964 0.155064 0.122065 0.120703 0.104096 0.041423 0.0327095 0.0394846 0.0074835 0.00633176
threshold=0.34135335442892545 0.61257781053277949 0.28081616822155808 0.84894536877622173 -1.6045243294049583 -0.56005414829874767 0.77913718836711843 -0.070499029842172253 0.051079228052672218 1.0066224922717484 1.3380790818585906 -0.68306685142302459 0.11267501163648881 0.95804755017434473 -1.0007551066287714
decision_type=2 2 2 2 2 2 2 2 2 2 2 2 2 2 2
left_child=1 2 3 4 -1 -2 9 11 -9 -4 -10 -3 -13 -7 -8
right_child=5 7 6 -5 -6 13 14 8 10 -11 -12 12 -14 -15 -16
leaf_value=-0.0024071245201759866 -0.0037854110675198693 -0.00048475498370866856 -0.00015460179155600009 0.0046708632593386269 0.00053808134274836185 -4.8908896349451456e-05 -0.00052020561572862784 0.0017429544969927518 -0.00014594645537508767 0.0014200107471145644 -0.0011529546769576328 -0.0019398894121104313 -0.0002965112134069204 -0.0010452762135992879 -0.001549632593184588
leaf_weight=24 32 40 303 35 792 20 21 21 117 40 58 90 22 20 66
leaf_count=24 32 40 303 35 792 20 21 21 117 40 58 90 22 20 66
internal_value=0 9.92267e-05 0.000333815 0.000632641 0.000439295 -0.00218208 -0.000250941 -0.000751225 -0.000231221 3.10761e-05 -0.000510358 -0.00138495 -0.00165933 -0.000655029 -0.00136011
internal_weight=1701 1629 1281 851 816 72 430 348 196 343 175 152 112 40 87
internal_count=1701 1629 1281 851 816 72 430 348 196 343 175 152 112 40 87
is_linear=0
shrinkage=0.03


Tree=25
num_leaves=14
num_cat=0
split_feature=34 11 19 27 30 23 17 23 23 27 15 11 20
split_gain=0.386924 0.379467 0.24918 0.255959 0.165081 0.149116 0.173568 0.117967 0.0999035 0.0586856 0.0412032 0.030543 0.00915814
threshold=1.7317712847483937 0.84765623851751659 0.28081616822155808 -1.6045243294049583 -0.21354391376946505 -0.69838318839243596 0.79785847665507525 -1.3519338680538338 0.02163027225147569 -0.31784441966681282 0.38800477597773425 1.3380790818585906 0.75630702720809662
decision_type=2 2 2 2 2 2 2 2 2 2 2 2 2
left_child=1 2 3 -1 -5 7 -7 -4 10 -10 -3 -11 -12
right_child=-2 8 5 4 -6 6 -8 -9 9 11 12 -13 -14
leaf_value=-0.0023429345645838312 -0.0035644360938005978 -0.00088811856051201541 -0.00016324121263929675 0.0010022278505312219 0.00019761542241347434 -0.0010353023478409794 0.00064327068620806795 0.0015714067138858478 0.00060723102499529583 -0.00016077736384557704 -0.0030775410960549891 -0.0013049702437265829 -0.0015628274251784507
leaf_weight=24 24 56 90 470 471 256 66 52 33 49 20 48 42
leaf_count=24 24 56 90 470 471 256 66 52 33 49 20 48 42
internal_value=0 5.55889e-05 0.000245777 0.000521141 0.00060458 -0.000320154 -0.000679254 0.000470662 -0.00101818 -0.000398899 -0.00164884 -0.000779139 -0.00221709
internal_weight=1701 1677 1429 965 941 464 322 142 248 130 118 97 62
internal_count=1701 1677 1429 965 941 464 322 142 248 130 118 97 62
is_linear=0
shrinkage=0.03


Tree=26
num_leaves=16
num_cat=0
split_feature=31 11 23 30 30 23 23 30 26 20 34 27 19 35 21
split_gain=0.376435 0.345016 0.252791 0.376135 0.312015 0.161538 0.158927 0.146051 0.175883 0.12483 0.132354 0.106237 0.0571238 0.0416833 0.00681637
threshold=0.34135335442892545 -0.086584391288970455 -0.38768319599450157 -0.21357260937759145 -0.21355424902050382 -0.56005414829874767 2.0803554392708423 -0.21356749083639753 0.58210514361683763 1.44111216917962 0.14770926058461686 0.25648339804306858 -0.09987747588526967 0.18417745736805316 0.95804755017434473
decision_type=2 2 2 2 2 2 2 2 2 2 2 2 2 2 2
left_child=1 2 7 12 -5 -2 9 11 -9 10 -3 -1 -4 -8 -7
right_child=5 6 3 4 -6 14 13 8 -10 -11 -12 -13 -14 -15 -16
leaf_value=0.0015069724686468315 -0.0035972047524792813 -0.00071735403206377841 0.0012891525090912934 0.0044626548633542517 0.0013375974653284809 -4.4747436763313793e-05 0 -0.00045808940063979446 0.0011488173163868485 -0.0018813900523994749 9.8669043470834232e-05 -0.00059189805001693047 -0.00018695325697772204 0.0016372921534680894 -0.0010046014929919139
leaf_weight=92 32 391 26 40 116 20 23 323 72 50 316 24 117 39 20
leaf_count=92 32 391 26 40 116 20 23 323 72 50 316 24 117 39 20
internal_value=-6.05642e-07 9.31404e-05 0.000532626 0.00122192 0.00222684 -0.0020805 -0.000338223 0.000118687 -0.000151196 -0.000461679 -0.000349524 0.00104354 8.18564e-05 0.00107471 -0.000631047
internal_weight=1701 1629 810 299 156 72 819 511 395 757 707 116 143 62 40
internal_count=1701 1629 810 299 156 72 819 511 395 757 707 116 143 62 40
is_linear=0
shrinkage=0.03


Tree=27
num_leaves=15
num_cat=0
split_feature=31 11 23 29 30 23 23 30 22 22 22 29 22 35
split_gain=0.35704 0.325413 0.238757 0.354973 0.294849 0.153256 0.150209 0.137528 0.212076 0.125679 0.136002 0.0981555 0.0799558 0.0393228
threshold=0.34135335442892545 -0.086584391288970455 -0.38768319599450157 -0.20393002871037627 -0.21355424902050382 -0.55438049626365393 2.0803554392708423 -0.21356549267512423 -1.0992667873510829 1.6530320791258097 0.84894536877622173 -0.20393283558845615 -0.48358272393693219 0.18417745736805316
decision_type=2 2 2 2 2 2 2 2 2 2 2 2 2 2
left_child=1 2 7 12 -5 -2 9 11 -9 10 -3 -1 -4 -8
right_child=5 6 3 4 -6 -7 13 8 -10 -11 -12 -13 -14 -15
leaf_value=-0.0002909694241534453 -0.0032759501734612195 -0.00050000563850596054 -0.00090650588832795606 0.0043381156497689097 0.0012984811525807536 -0.00039568404322238388 0 0.0015572110125310823 -0.00044721730713456748 -0.0019843217177397533 0.00074390885593000726 0.001487657224504097 0.00057538595011556921 0.0015916818866639265
leaf_weight=35 38 628 45 40 116 34 23 52 334 43 86 90 98 39
leaf_count=35 38 628 45 40 116 34 23 52 334 43 86 90 98 39
internal_value=-4.09887e-07 9.0843e-05 0.000517699 0.00118762 0.00216389 -0.00202606 -0.000328022 0.000115233 -0.000159552 -0.000448124 -0.000343509 0.000971057 7.94637e-05 0.00104524
internal_weight=1701 1629 810 299 156 72 819 511 386 757 714 125 143 62
internal_count=1701 1629 810 299 156 72 819 511 386 757 714 125 143 62
is_linear=0
shrinkage=0.03


end of trees

feature_importances:
Column_23=59
Column_22=52
Column_11=45
Column_19=35
Column_35=32
Column_34=29
Column_30=23
Column_29=22
Column_31=21
Column_27=15
Column_14=13
Column_15=12
Column_20=10
Column_26=9
Column_21=7
Column_17=5
Column_36=4
Column_16=3
Column_18=3
Column_33=3
Column_13=2
Column_7=1
Column_10=1
Column_32=1

parameters:
[boosting: gbdt]
[objective: regression]
[metric: l2]
[tree_learner: serial]
[device_type: cpu]
[data_sample_strategy: bagging]
[data: ]
[valid: ]
[num_iterations: 200]
[learning_rate: 0.03]
[num_leaves: 31]
[num_threads: 40]
[seed: 42]
[deterministic: 0]
[force_col_wise: 0]
[force_row_wise: 0]
[histogram_pool_size: -1]
[max_depth: 5]
[min_data_in_leaf: 20]
[min_sum_hessian_in_leaf: 0.001]
[bagging_fraction: 0.8]
[pos_bagging_fraction: 1]
[neg_bagging_fraction: 1]
[bagging_freq: 0]
[bagging_seed: 400]
[bagging_by_query: 0]
[feature_fraction: 0.8]
[feature_fraction_bynode: 1]
[feature_fraction_seed: 30056]
[extra_trees: 0]
[extra_seed: 12879]
[early_stopping_round: 0]
[early_stopping_min_delta: 0]
[first_metric_only: 0]
[max_delta_step: 0]
[lambda_l1: 0.1]
[lambda_l2: 3]
[linear_lambda: 0]
[min_gain_to_split: 0]
[drop_rate: 0.1]
[max_drop: 50]
[skip_drop: 0.5]
[xgboost_dart_mode: 0]
[uniform_drop: 0]
[drop_seed: 17869]
[top_rate: 0.2]
[other_rate: 0.1]
[min_data_per_group: 100]
[max_cat_threshold: 32]
[cat_l2: 10]
[cat_smooth: 10]
[max_cat_to_onehot: 4]
[top_k: 20]
[monotone_constraints: ]
[monotone_constraints_method: basic]
[monotone_penalty: 0]
[feature_contri: ]
[forcedsplits_filename: ]
[refit_decay_rate: 0.9]
[cegb_tradeoff: 1]
[cegb_penalty_split: 0]
[cegb_penalty_feature_lazy: ]
[cegb_penalty_feature_coupled: ]
[path_smooth: 0]
[interaction_constraints: ]
[verbosity: -1]
[saved_feature_importance_type: 0]
[use_quantized_grad: 0]
[num_grad_quant_bins: 4]
[quant_train_renew_leaf: 0]
[stochastic_rounding: 1]
[linear_tree: 0]
[max_bin: 255]
[max_bin_by_feature: ]
[min_data_in_bin: 3]
[bin_construct_sample_cnt: 200000]
[data_random_seed: 175]
[is_enable_sparse: 1]
[enable_bundle: 1]
[use_missing: 1]
[zero_as_missing: 0]
[feature_pre_filter: 1]
[pre_partition: 0]
[two_round: 0]
[header: 0]
[label_column: ]
[weight_column: ]
[group_column: ]
[ignore_column: ]
[categorical_feature: ]
[forcedbins_filename: ]
[precise_float_parser: 0]
[parser_config_file: ]
[objective_seed: 16083]
[num_class: 1]
[is_unbalance: 0]
[scale_pos_weight: 1]
[sigmoid: 1]
[boost_from_average: 1]
[reg_sqrt: 0]
[alpha: 0.9]
[fair_c: 1]
[poisson_max_delta_step: 0.7]
[tweedie_variance_power: 1.5]
[lambdarank_truncation_level: 30]
[lambdarank_norm: 1]
[label_gain: ]
[lambdarank_position_bias_regularization: 0]
[eval_at: ]
[multi_error_top_k: 1]
[auc_mu_weights: ]
[num_machines: 1]
[local_listen_port: 12400]
[time_out: 120]
[machine_list_filename: ]
[machines: ]
[gpu_platform_id: -1]
[gpu_device_id: -1]
[gpu_device_id_list: ]
[gpu_use_dp: 0]
[num_gpu: 1]

end of parameters

pandas_categorical:null
