tree
version=v4
num_class=1
num_tree_per_iteration=1
label_index=0
max_feature_idx=36
objective=regression
feature_names=Column_0 Column_1 Column_2 Column_3 Column_4 Column_5 Column_6 Column_7 Column_8 Column_9 Column_10 Column_11 Column_12 Column_13 Column_14 Column_15 Column_16 Column_17 Column_18 Column_19 Column_20 Column_21 Column_22 Column_23 Column_24 Column_25 Column_26 Column_27 Column_28 Column_29 Column_30 Column_31 Column_32 Column_33 Column_34 Column_35 Column_36
feature_infos=[-4.9871423851980783:4.4776612738135873] [-5.2452620936897567:4.3156932339103733] [-4.9886350651523035:4.4795880212662045] [-4.9886412961198801:4.4796623097280932] [-4.9923565802074741:4.4823039330420604] [-4.9925169147743684:4.4842318524544851] [-4.9929594151883325:4.4793110534671392] [-2.0688658674784253:9.6843550481009313] [-5.0732043488941381:6.6857634993292478] [-3.9385878094689404:8.6488430283055013] [-4.1072305798339208:9.1988346522856173] [-3.6408480262222449:7.9161300933871566] [-4.4865927696021615:8.5257316363256717] [-4.4239484568303729:8.9858856291992026] [-1.4908082711120376:7.3194074041122557] [-1.5708704862753926:6.0382555849189945] [-3.0006228435500777:3.404633454895158] [-4.06143051815239:5.8449435382582582] [-3.7047952955865013:4.6514712278868311] [-1.7351996770701412:3.4374577433043947] [-1.9214942345888979:2.3225115135521697] [-1.2409509646409735:7.6143156840258026] [-1.2256838370078253:2.1530345737408139] [-1.5883549332129545:2.3240915760870591] [-2.0022378744127929:4.5668471654070801] [-4.4422229058525717:3.2467656556557016] [-2.5352443260410378:0.6405835906381081] [-2.2292298035471991:10.928956569207749] none [-0.20667183601452097:11.632295490954723] [-0.21645286212485884:8.7554325121367373] [-8.5172611828568332:4.3525528061145797] [-7.4632666880067084:3.6277883898948757] [-17.224314138808928:8.1782853249092149] [-6.5229841401481581:2.7773304018308753] [-5.5580736396730952:2.4398651887003675] [-12.370162864648963:11.592021429949412]
tree_sizes=1433 1481 1488 1573 1580 1676 1678 1587 1682 1501 1664

Tree=0
num_leaves=15
num_cat=0
split_feature=22 22 23 32 30 36 30 22 17 34 32 11 22 35
split_gain=10.7604 7.15351 1.72535 1.35683 1.08444 1.06307 1.02218 0.841052 0.687669 0.673682 0.457788 0.274659 0.118015 0.0193921
threshold=1.1803773234157788 0.59131391253950982 -0.53127698676893687 0.12148107839034945 -0.2140357067754107 0.030192821545928721 -0.21645286201282773 1.5611769503141033 0.59368061607492983 -0.30279042436549219 0.12148083345462329 -1.1854732752650456 1.9859786428125612 0.18688089427861496
decision_type=2 2 2 2 2 2 2 2 2 2 2 2 2 2
left_child=1 2 4 5 10 -4 -5 -2 -3 -6 -1 13 -13 -9
right_child=7 8 3 6 9 -7 -8 11 -10 -11 -12 12 -14 -15
leaf_value=0.033470522385322915 0.024172177347325907 0.042743418132882863 0.032881159617680962 0.029907418679983127 0.032204541089931739 0.036298584287146829 0.033397406938625508 0.028918179758247495 0.036754232702890036 0.028245411803635437 0.031244575455382551 0.026782905846355724 0.028951619805043825 0.030554726129768332
leaf_weight=181 64 68 134 100 60 223 279 22 35 115 148 109 66 54
leaf_count=181 64 68 134 100 60 223 279 22 35 115 148 109 66 54
internal_value=0.032266 0.0334386 0.0327953 0.0337203 0.0314496 0.03504 0.0324574 0.0273027 0.0409212 0.0295621 0.03246 0.0281989 0.0275143 0.0299339
internal_weight=1658 1343 1240 736 504 357 379 315 103 175 329 251 175 76
internal_count=1658 1343 1240 736 504 357 379 315 103 175 329 251 175 76
is_linear=0
shrinkage=1


Tree=1
num_leaves=15
num_cat=0
split_feature=22 22 23 32 30 36 30 22 17 34 32 11 29 30
split_gain=10.153 6.75389 1.62555 1.27835 1.02221 1.00531 0.963183 0.792368 0.645422 0.634338 0.431248 0.256899 0.134034 0.0196013
threshold=1.1803773234157788 0.59131391253950982 -0.53127698676893687 0.12148107839034945 -0.2140357067754107 0.030192812678887456 -0.21645286201282773 1.5611769503141033 0.59368061607492983 -0.30279042436549219 0.12148083345462329 -1.1854732752650456 -0.2045346237599705 -0.21186671310039015
decision_type=2 2 2 2 2 2 2 2 2 2 2 2 2 2
left_child=1 2 4 5 10 -4 -5 -2 -3 -6 -1 13 -13 -9
right_child=7 8 3 6 9 -7 -8 11 -10 -11 -12 12 -14 -15
leaf_value=0.0011689838440481412 -0.0078618724217165755 0.010176384875682037 0.00035455623475571564 -0.0022898767720269339 -5.9694960907412072e-05 0.0037868879578566769 0.0010978337825963923 -0.001568519955706399 0.0043642238086314669 -0.0039030290006549428 -0.00099138262361636565 -0.0030799713975534992 -0.005328508526279494 -0.0031051973321234746
leaf_weight=181 64 68 116 100 60 241 279 48 35 115 148 62 113 28
leaf_count=181 64 68 116 100 60 241 279 48 35 115 148 62 113 28
internal_value=0 0.00113846 0.000513275 0.00141126 -0.000792749 0.0026922 0.000185162 -0.00482172 0.00840909 -0.00262538 0.000187934 -0.00395103 -0.00461407 -0.00226906
internal_weight=1658 1343 1240 736 504 357 379 315 103 175 329 251 175 76
internal_count=1658 1343 1240 736 504 357 379 315 103 175 329 251 175 76
is_linear=0
shrinkage=0.03


Tree=2
num_leaves=15
num_cat=0
split_feature=22 22 23 31 36 30 30 22 17 31 33 11 29 35
split_gain=9.57956 6.37667 1.53148 1.17506 0.991719 0.963561 0.878654 0.746524 0.606764 0.596263 0.406247 0.240307 0.125038 0.0190954
threshold=1.1803773234157788 0.59131391253950982 -0.53127698676893687 0.11345635190102667 0.030192812678887456 -0.2140357067754107 -0.21645286201282773 1.5611769503141033 0.82678922572878644 1.0000000180025095e-35 0.015432607681492573 -1.1854732752650456 -0.2045346237599705 0.18745759668068113
decision_type=2 2 2 2 2 2 2 2 2 2 2 2 2 2
left_child=1 2 5 4 -4 10 -5 -2 -3 -7 -1 13 -13 -9
right_child=7 8 3 6 -6 9 -8 11 -10 -11 -12 12 -14 -15
leaf_value=-0.00096223204336838412 -0.0076365768260030593 0.0093084721495505663 0.00032965312332266985 -0.0021259312973981549 0.0037053215628435744 -3.0050694268392093e-05 0.001082054897350939 -0.0030536344252526759 0.0027170854951862407 -0.0037721191094875215 0.0011344860956818117 -0.0029918368084499466 -0.0051727875069040672 -0.0015342224790141558
leaf_weight=148 64 83 120 103 238 59 275 27 20 116 181 62 113 49
leaf_count=148 64 83 120 103 238 59 275 27 20 116 181 62 113 49
internal_value=0 0.00110529 0.000497744 0.00136941 0.00259427 -0.000769816 0.00019019 -0.00468413 0.00817001 -0.00254913 0.000182074 -0.00383819 -0.00448041 -0.00220745
internal_weight=1658 1343 1240 736 358 504 378 315 103 175 329 251 175 76
internal_count=1658 1343 1240 736 358 504 378 315 103 175 329 251 175 76
is_linear=0
shrinkage=0.03


Tree=3
num_leaves=16
num_cat=0
split_feature=22 22 23 32 30 36 30 22 17 34 29 11 29 16 20
split_gain=9.03825 6.01766 1.44288 1.13642 0.90827 0.894854 0.856621 0.703284 0.584335 0.562855 0.383474 0.224733 0.116609 0.020487 0.00779443
threshold=1.1803773234157788 0.59131391253950982 -0.53127698676893687 0.12148107839034945 -0.2140357067754107 0.030192821545928721 -0.21645286201282773 1.5611769503141033 0.59368061607492983 -0.30279042436549219 -0.20667183330422598 -1.1854732752650456 -0.2045346237599705 -1.8089379244287527 0.99697084422660831
decision_type=2 2 2 2 2 2 2 2 2 2 2 2 2 2 2
left_child=1 2 4 5 10 -4 -5 -2 -3 -6 -1 13 -13 -9 -15
right_child=7 8 3 6 9 -7 -8 11 -10 -11 -12 12 -14 14 -16
leaf_value=-0.001155474085243396 -0.0074177376009635062 0.0096165386142445259 0.00055403638575202694 -0.0021612610363953033 -5.5348874734980717e-05 0.003691438024703916 0.0010334529743803557 -0.00085824004566276688 0.0040905000286078769 -0.0036786285842762925 0.0009508370675079355 -0.0029062242108074806 -0.0050216172207468018 -0.0014775220988125634 -0.0030627936239946973
leaf_weight=119 64 68 134 100 60 223 279 20 35 115 210 62 113 26 30
leaf_count=119 64 68 134 100 60 223 279 20 35 115 210 62 113 26 30
internal_value=0 0.00107296 0.000482693 0.00132881 -0.000747544 0.00253658 0.000172314 -0.0045505 0.00793597 -0.00247509 0.000176387 -0.00372863 -0.00435063 -0.00214759 -0.00249018
internal_weight=1658 1343 1240 736 504 357 379 315 103 175 329 251 175 76 56
internal_count=1658 1343 1240 736 504 357 379 315 103 175 329 251 175 76 56
is_linear=0
shrinkage=0.03


Tree=4
num_leaves=16
num_cat=0
split_feature=22 22 23 11 30 22 23 17 31 31 22 11 29 30 16
split_gain=8.52972 5.68161 1.35956 1.06277 0.856108 0.6622 0.651143 0.548342 0.529788 0.513418 0.363312 0.209536 0.108712 0.0195432 0.0184934
threshold=1.1803773234157788 0.59131391253950982 -0.53127698676893687 -0.1028368714102456 -0.2140357067754107 1.5611769503141033 1.9260477912396918 0.59368061607492983 0.025106009922884708 0.11345635190101525 -0.74993523994891675 -1.1854732752650456 -0.2045346237599705 -0.21186671310039015 -1.4054563527609896
decision_type=2 2 2 2 2 2 2 2 2 2 2 2 2 2 2
left_child=1 2 4 9 10 -2 -5 -3 -6 -4 -1 13 -13 14 -7
right_child=5 7 3 6 8 11 -8 -9 -10 -11 -12 12 -14 -15 -16
leaf_value=0.001066501413745101 -0.007205169574093462 0.0093402320850692992 0.0037980407802991703 -0.00038145414855225685 -0.00013545342672362248 -0.00044825239242345561 0.0023280144680361704 0.0039774731656438429 -0.0036159506274792163 0.0013119739644127549 -0.00091738359108101586 -0.0028230615950646239 -0.0048748647992274364 -0.0028987751344759618 -0.0019538612566888328
leaf_weight=182 64 68 159 317 63 21 103 35 112 157 147 62 113 28 27
leaf_count=182 64 68 159 317 63 21 103 35 112 157 147 62 113 28 27
internal_value=-5.06638e-07 0.0010417 0.00046808 0.00128945 -0.000725994 -0.00442128 0.000287717 0.00771038 -0.00240323 0.00259623 0.000170769 -0.00362291 -0.00422463 -0.00209159 -0.0014191
internal_weight=1658 1343 1240 736 504 315 420 103 175 316 329 251 175 76 48
internal_count=1658 1343 1240 736 504 315 420 103 175 316 329 251 175 76 48
is_linear=0
shrinkage=0.03


Tree=5
num_leaves=17
num_cat=0
split_feature=22 22 23 32 30 30 36 22 17 34 29 11 29 16 30 27
split_gain=8.05084 5.36389 1.28165 1.02577 0.807051 0.803056 0.793634 0.623464 0.522671 0.500086 0.343658 0.195296 0.101314 0.019373 0.00770245 0.0054312
threshold=1.1803773234157788 0.59131391253950982 -0.53127698676893687 0.12148107839034945 -0.2140357067754107 -0.21645286201282773 0.030192812678887456 1.5611769503141033 0.82678922572878644 -0.30279042436549219 -0.20667183330422598 -1.1854732752650456 -0.2045346237599705 -1.8089379244287527 -0.21325018321562852 -0.31545803937060829
decision_type=2 2 2 2 2 2 2 2 2 2 2 2 2 2 2 2
left_child=1 2 4 6 10 -5 -4 -2 15 -6 -1 13 -13 -9 -15 -3
right_child=7 8 3 5 9 -7 -8 11 -10 -11 -12 12 -14 14 -16 -17
leaf_value=-0.0010948175047573179 -0.0069986931508156788 0.0094894226249949681 0.00031882586393066573 -0.002106437382877135 -4.9897380372775446e-05 0.00098686216846529513 0.0033720012210504166 -0.00079219425493932288 0.0024357360284775497 -0.0034680094494007356 0.0008989930829913749 -0.0027422785667344358 -0.0047324012901377062 -0.0015968510636716687 -0.0031681299577467144 0.005860051813986032
leaf_weight=119 64 55 116 100 60 279 241 20 20 115 210 62 113 35 21 28
leaf_count=119 64 55 116 100 60 279 241 20 20 115 210 62 113 35 21 28
internal_value=-8.39964e-07 0.00101163 0.000454215 0.00125175 -0.000705031 0.000152702 0.00239919 -0.00429577 0.00749123 -0.00233353 0.000165415 -0.00352025 -0.00410228 -0.00203716 -0.00236806 0.00854707
internal_weight=1658 1343 1240 736 504 379 357 315 103 175 329 251 175 76 56 83
internal_count=1658 1343 1240 736 504 379 357 315 103 175 329 251 175 76 56 83
is_linear=0
shrinkage=0.03


Tree=6
num_leaves=17
num_cat=0
split_feature=22 22 23 31 36 30 30 22 17 23 29 13 30 30 20 29
split_gain=7.59958 5.07182 1.20761 0.939606 0.785477 0.771025 0.73318 0.58689 0.495985 0.467884 0.44055 0.164614 0.0549516 0.0247311 0.00625759 0.0034903
threshold=1.1803773234157788 0.59131391253950982 -0.53127698676893687 0.11345635190102667 0.030192812678887456 -0.21555866537056265 -0.21645286201282773 1.5611769503141033 0.59368061607492983 -0.98874627278383398 -0.20667183330422598 -1.0993973588504564 -0.21527407594029715 -0.20962173432325329 0.94008068674482448 -0.18028477650191302
decision_type=2 2 2 2 2 2 2 2 2 2 2 2 2 2 2 2
left_child=1 2 5 4 -4 10 -5 -2 -3 -7 -1 13 15 14 -9 -13
right_child=7 8 3 6 -6 9 -8 11 -10 -11 -12 12 -14 -15 -16 -17
leaf_value=-0.0010627806467518447 -0.006798133707313395 0.0088329489824007928 0.00029153174014546248 -0.001955517577868447 0.0032988791165412573 8.1359891088637101e-05 0.00097484699561990957 -0.00053784182509812324 0.0037339272599569277 -0.0029414663943142503 0.0012810415235208347 -0.0034181862052805215 -0.0048073672799320965 -0.002974775842130184 -0.0016994020876009016 -0.0017418903947767355
leaf_weight=119 64 68 120 103 238 63 275 20 35 150 172 85 74 22 30 20
leaf_count=119 64 68 120 103 238 63 275 20 35 150 172 85 74 22 30 20
internal_value=-1.1067e-06 0.000982532 0.000440434 0.00121463 0.00230994 -0.000684717 0.000159377 -0.00417398 0.00728329 -0.00204479 0.000311303 -0.00342067 -0.00393973 -0.00198427 -0.00134813 -0.00318392
internal_weight=1658 1343 1240 736 358 504 378 315 103 213 291 251 179 72 50 105
internal_count=1658 1343 1240 736 358 504 378 315 103 213 291 251 179 72 50 105
is_linear=0
shrinkage=0.03


Tree=7
num_leaves=16
num_cat=0
split_feature=22 22 23 11 30 23 22 31 10 33 32 11 29 16 20
split_gain=7.17608 4.78838 1.13722 0.947261 0.7273 0.557335 0.551906 0.489991 0.451761 0.439568 0.314516 0.172837 0.0930125 0.0181569 0.00681931
threshold=1.1803773234157788 0.59131391253950982 -0.53127698676893687 -0.1028368714102456 -0.21325018321562852 1.9260477912396918 1.5611769503141033 0.025106009922884708 0.84877555559489881 0.015432516397243572 0.12148083345462329 -1.1854732752650456 -0.2045346237599705 -1.8089379244287527 0.99697084422660831
decision_type=2 2 2 2 2 2 2 2 2 2 2 2 2 2 2
left_child=1 2 4 9 10 -5 -2 -6 -3 -4 -1 13 -13 -8 -15
right_child=6 8 3 5 7 -7 11 -9 -10 -11 -12 12 -14 14 -16
leaf_value=0.0009643434936981377 -0.006603321370349002 0.0081604475336393371 0.0012638065216849636 -0.00038546207253850758 -0.00011132630185139449 0.0021213146934702001 -0.00072615694216169094 -0.0035024397427947302 0.0026835240114910096 0.0035686156561983247 -0.00085853404563123121 -0.0025739273324035679 -0.0044765561843804749 -0.0013056431477648559 -0.0027712342698465692
leaf_weight=185 64 80 163 317 63 103 20 104 23 153 152 62 113 26 30
leaf_count=185 64 80 163 317 63 103 20 104 23 153 152 62 113 26 30
internal_value=-1.69351e-06 0.000954095 0.000427291 0.00117863 -0.000664467 0.000232888 -0.00405668 -0.00226534 0.00707631 0.00241221 0.000133011 -0.0033252 -0.00387408 -0.00192425 -0.00224262
internal_weight=1658 1343 1240 736 504 420 315 167 103 316 337 251 175 76 56
internal_count=1658 1343 1240 736 504 420 315 167 103 316 337 251 175 76 56
is_linear=0
shrinkage=0.03


Tree=8
num_leaves=17
num_cat=0
split_feature=22 22 23 32 30 30 36 22 27 23 29 13 17 29 30 20
split_gain=6.77321 4.51907 1.07215 0.874434 0.710607 0.692879 0.661618 0.519513 0.472693 0.419622 0.397736 0.145111 0.0619118 0.0520998 0.0232073 0.00529736
threshold=1.1803773234157788 0.59131391253950982 -0.53127698676893687 0.12148107839034945 -0.21645286201282773 -0.21555866537056265 0.030192793010061916 1.5611769503141033 -0.21037905620273098 -0.98874627278383398 -0.20667183330422598 -1.0993973588504564 0.68887611572090723 -0.2045346237599705 -0.20962173432325329 0.94008068674482448
decision_type=2 2 2 2 2 2 2 2 2 2 2 2 2 2 2 2
left_child=1 2 5 6 -5 10 -4 -2 12 -7 -1 14 -3 -13 15 -9
right_child=7 8 3 4 -6 9 -8 11 -10 -11 -12 13 -14 -15 -16 -17
leaf_value=-0.0010065585810091866 -0.0064140919146697915 0.0087161463098600501 0.00020322718646796577 -0.0019956353454425643 0.00091421923469231926 7.6350726967740968e-05 0.0030465901647566207 -0.00049504188994836554 0.0023448921087384218 -0.0027839785362217193 0.0012201471198243755 -0.0024598321497779001 0.0046172345076566151 -0.0041441163983804959 -0.0028300278443098067 -0.0015917566779323599
leaf_weight=119 64 61 108 100 279 63 249 20 22 150 172 52 20 127 22 30
leaf_count=119 64 61 108 100 279 63 249 20 22 150 172 52 20 127 22 30
internal_value=-2.05194e-06 0.000926468 0.000414621 0.00114419 0.000128951 -0.000645333 0.00220361 -0.00394162 0.00687408 -0.00193477 0.000298386 -0.00323107 0.00794083 -0.00371992 -0.00187553 -0.00126253
internal_weight=1658 1343 1240 736 379 504 357 315 103 213 291 251 81 179 72 50
internal_count=1658 1343 1240 736 379 504 357 315 103 213 291 251 81 179 72 50
is_linear=0
shrinkage=0.03


Tree=9
num_leaves=15
num_cat=0
split_feature=22 22 23 32 30 30 34 22 27 31 32 26 31 10
split_gain=6.39394 4.27217 1.00963 0.823817 0.669597 0.653259 0.517934 0.488981 0.455683 0.442529 0.279774 0.140388 0.183548 0.000741512
threshold=1.1803773234157788 0.59131391253950982 -0.53127698676893687 0.12148107839034945 -0.21645286201282773 -0.21325018321562852 0.14870541815938074 1.5611769503141033 -0.34660051417205068 0.025106009922884708 0.12148083345462329 0.62438038698158194 0.11412792826738426 -1.1477972063214752
decision_type=2 2 2 2 2 2 2 2 2 2 2 2 2 2
left_child=1 2 5 6 -5 10 -4 -2 -3 -7 -1 12 13 -9
right_child=7 8 3 4 -6 9 -8 11 -10 -11 -12 -13 -14 -15
leaf_value=0.00091354600170211121 -0.0062302849715325367 0.0082967052565359346 0.00061666062785629906 -0.0019375100789311369 0.00088708445622134912 -9.4722927039997141e-05 0.003019468859808552 -0.0011717709029579291 0.0035596261955797674 -0.0033191348735295305 -0.00080548653822089917 -0.0015136965550990266 -0.0043405717978206998 -0.00245052423607558
leaf_weight=185 64 64 134 100 279 63 223 20 39 104 152 52 116 63
leaf_count=185 64 64 134 100 279 63 223 20 39 104 152 52 116 63
internal_value=-2.13028e-06 0.000899968 0.000402232 0.00111025 0.000124592 -0.000626238 0.00213856 -0.00382986 0.00668286 -0.00214352 0.000129107 -0.00313963 -0.00352086 -0.0022289
internal_weight=1658 1343 1240 736 379 504 357 315 103 167 337 251 199 83
internal_count=1658 1343 1240 736 379 504 357 315 103 167 337 251 199 83
is_linear=0
shrinkage=0.03


Tree=10
num_leaves=17
num_cat=0
split_feature=22 22 30 19 11 22 17 34 11 14 30 11 27 16 11 30
split_gain=6.03283 4.03411 0.939741 0.850823 0.657962 0.46057 0.436767 0.401901 0.14818 0.107365 0.0805398 0.0206098 0.0913372 0.0166624 0.00738657 0.00677318
threshold=1.1803773234157788 0.59131391253950982 -0.21645286212483758 -0.738975874409599 -0.39852516378442587 1.5611769503141033 0.82678922572878644 0.14870541815938074 -1.1854732752650456 -0.37990733679780991 -0.21589957690400982 -0.2641598759734492 -0.36629861507348699 -1.8089379244287527 0.6450454187820498 -0.21325018321562852
decision_type=2 2 2 2 2 2 2 2 2 2 2 2 2 2 2 2
left_child=1 2 9 7 -5 -2 11 -4 13 -1 -10 -3 -13 -7 -11 -15
right_child=5 6 3 4 -6 8 -8 -9 10 14 -12 12 -14 15 -16 -17
leaf_value=0.0040409837418188483 -0.0060517455232677172 0.0095648392803139148 0.00013072480052429264 0.00086054017261845645 -0.0010527529393197584 -0.00062021090357523899 0.0019280368890613317 0.0020889164228413467 -0.0027093574090324571 0.0021877221746434425 -0.004417046397197537 0.0071703631787427835 0.0032842757462969289 -0.0013531677208742812 0.00079910756364140825 -0.0027731735277920959
leaf_weight=56 64 24 168 231 515 20 20 224 96 26 79 39 20 35 20 21
leaf_count=56 64 24 168 231 515 20 20 224 96 26 79 39 20 35 20 21
internal_value=-2.42241e-06 0.000873781 0.00039004 0.000136353 -0.00045522 -0.00372054 0.00649329 0.00126465 -0.00304986 0.00310706 -0.00355856 0.00745284 0.00612409 -0.00174989 0.00173109 -0.00205045
internal_weight=1658 1343 1240 1138 746 315 103 392 251 102 175 83 59 76 46 56
internal_count=1658 1343 1240 1138 746 315 103 392 251 102 175 83 59 76 46 56
is_linear=0
shrinkage=0.03


end of trees

feature_importances:
Column_22=35
Column_30=27
Column_23=14
Column_11=13
Column_29=12
Column_32=10
Column_17=9
Column_31=8
Column_36=7
Column_34=6
Column_16=5
Column_20=4
Column_27=4
Column_10=2
Column_13=2
Column_33=2
Column_35=2
Column_14=1
Column_19=1
Column_26=1

parameters:
[boosting: gbdt]
[objective: regression]
[metric: l2]
[tree_learner: serial]
[device_type: cpu]
[data_sample_strategy: bagging]
[data: ]
[valid: ]
[num_iterations: 200]
[learning_rate: 0.03]
[num_leaves: 31]
[num_threads: 40]
[seed: 42]
[deterministic: 0]
[force_col_wise: 0]
[force_row_wise: 0]
[histogram_pool_size: -1]
[max_depth: 5]
[min_data_in_leaf: 20]
[min_sum_hessian_in_leaf: 0.001]
[bagging_fraction: 0.8]
[pos_bagging_fraction: 1]
[neg_bagging_fraction: 1]
[bagging_freq: 0]
[bagging_seed: 400]
[bagging_by_query: 0]
[feature_fraction: 0.8]
[feature_fraction_bynode: 1]
[feature_fraction_seed: 30056]
[extra_trees: 0]
[extra_seed: 12879]
[early_stopping_round: 0]
[early_stopping_min_delta: 0]
[first_metric_only: 0]
[max_delta_step: 0]
[lambda_l1: 0.1]
[lambda_l2: 3]
[linear_lambda: 0]
[min_gain_to_split: 0]
[drop_rate: 0.1]
[max_drop: 50]
[skip_drop: 0.5]
[xgboost_dart_mode: 0]
[uniform_drop: 0]
[drop_seed: 17869]
[top_rate: 0.2]
[other_rate: 0.1]
[min_data_per_group: 100]
[max_cat_threshold: 32]
[cat_l2: 10]
[cat_smooth: 10]
[max_cat_to_onehot: 4]
[top_k: 20]
[monotone_constraints: ]
[monotone_constraints_method: basic]
[monotone_penalty: 0]
[feature_contri: ]
[forcedsplits_filename: ]
[refit_decay_rate: 0.9]
[cegb_tradeoff: 1]
[cegb_penalty_split: 0]
[cegb_penalty_feature_lazy: ]
[cegb_penalty_feature_coupled: ]
[path_smooth: 0]
[interaction_constraints: ]
[verbosity: -1]
[saved_feature_importance_type: 0]
[use_quantized_grad: 0]
[num_grad_quant_bins: 4]
[quant_train_renew_leaf: 0]
[stochastic_rounding: 1]
[linear_tree: 0]
[max_bin: 255]
[max_bin_by_feature: ]
[min_data_in_bin: 3]
[bin_construct_sample_cnt: 200000]
[data_random_seed: 175]
[is_enable_sparse: 1]
[enable_bundle: 1]
[use_missing: 1]
[zero_as_missing: 0]
[feature_pre_filter: 1]
[pre_partition: 0]
[two_round: 0]
[header: 0]
[label_column: ]
[weight_column: ]
[group_column: ]
[ignore_column: ]
[categorical_feature: ]
[forcedbins_filename: ]
[precise_float_parser: 0]
[parser_config_file: ]
[objective_seed: 16083]
[num_class: 1]
[is_unbalance: 0]
[scale_pos_weight: 1]
[sigmoid: 1]
[boost_from_average: 1]
[reg_sqrt: 0]
[alpha: 0.9]
[fair_c: 1]
[poisson_max_delta_step: 0.7]
[tweedie_variance_power: 1.5]
[lambdarank_truncation_level: 30]
[lambdarank_norm: 1]
[label_gain: ]
[lambdarank_position_bias_regularization: 0]
[eval_at: ]
[multi_error_top_k: 1]
[auc_mu_weights: ]
[num_machines: 1]
[local_listen_port: 12400]
[time_out: 120]
[machine_list_filename: ]
[machines: ]
[gpu_platform_id: -1]
[gpu_device_id: -1]
[gpu_device_id_list: ]
[gpu_use_dp: 0]
[num_gpu: 1]

end of parameters

pandas_categorical:null
