tree
version=v4
num_class=1
num_tree_per_iteration=1
label_index=0
max_feature_idx=36
objective=regression
feature_names=Column_0 Column_1 Column_2 Column_3 Column_4 Column_5 Column_6 Column_7 Column_8 Column_9 Column_10 Column_11 Column_12 Column_13 Column_14 Column_15 Column_16 Column_17 Column_18 Column_19 Column_20 Column_21 Column_22 Column_23 Column_24 Column_25 Column_26 Column_27 Column_28 Column_29 Column_30 Column_31 Column_32 Column_33 Column_34 Column_35 Column_36
feature_infos=[-4.9559874815669716:4.4468483094793028] [-5.2128222471677983:4.2864938836419784] [-4.9566218345082769:4.4455375807412816] [-4.9599713956406308:4.446841275119815] [-4.9558140694849682:4.4446098977730273] [-4.9764585057983695:4.4583554935330714] [-4.9799544236439113:4.4611300756809937] [-2.0693844626938867:9.6301274597237914] [-4.9842892827280227:6.5584707483779825] [-3.872628422012653:8.47338192664653] [-4.0692159330685751:9.0733479050972434] [-3.6411508738477307:7.9024647093790037] [-4.425883561967547:8.3820696375499253] [-4.3879772622692244:8.8816953488317019] [-1.4939071995339837:7.2634661154984439] [-1.5823444439129806:6.0296391850567952] [-2.9972847518271273:3.3839305897084229] [-4.0189613638196349:5.7434590641684649] [-3.7125704423171024:4.6605747220279481] [-1.7454143859550832:3.4130579989900882] [-1.9187275164681596:2.2709886176293308] [-1.2368439137017977:7.6491553950421647] [-1.2254651178945222:2.1115586299731861] [-1.5916711302783122:2.341425372108854] [-2.0069415857795074:4.5693039355621785] [-4.4556373858303919:3.2626111683521501] [-2.5531603430749898:0.63631776625382597] [-2.2125885613443339:10.926458836893083] none [-0.20532050121086196:11.705205288054698] [-0.21503197764014384:8.8108487761940335] [-8.5717686964940771:4.3782500304751144] [-7.5112181533030711:3.6488248657242401] [-17.333219726406114:8.2297083839978775] [-6.5651279243365259:2.7925888848780396] [-5.5942923265488655:2.4523837946266585] [-12.448564807502411:11.664755388122916]
tree_sizes=1598 1653 1551 1650 1656 1573 1667 1585 1397 1577 1666 1574 1670 1579 1765 1665 2058 1677

Tree=0
num_leaves=17
num_cat=0
split_feature=22 22 11 23 11 19 30 11 19 22 30 30 30 19 23 11
split_gain=5.10707 7.23636 1.51431 0.736827 0.779047 0.919154 0.371294 0.30239 0.29628 0.363641 0.165501 0.153909 0.0945953 0.0354435 0.0317182 0.00749424
threshold=1.1284137254429691 0.7990532820453885 -0.51097621992358844 1.9412807019494591 -0.26546293768843077 -0.74181597023147305 -0.2150319774520402 -1.2755154025725448 0.39822228399500187 1.6029475471954873 -0.20997442483195009 -0.21499369353961403 0.97250114732087745 1.7080542895292972 2.1600551584656595 -2.0321259895740833
decision_type=2 2 2 2 2 2 2 2 2 2 2 2 2 2 2 2
left_child=1 3 7 4 6 -6 -1 10 -4 -10 15 -9 14 -13 -5 -2
right_child=2 -3 8 12 5 -7 -8 11 9 -11 -12 13 -14 -15 -16 -17
leaf_value=0.022251299250362174 0.024593115753454981 0.033569871622779079 0.021097667360854014 0.0259840868760726 0.023905605096829714 0.021654000254154156 0.024493826758241091 0.022288212513530893 0.014669003862728042 0.018441098166468509 0.02118829484018963 0.019172967981722813 0.023208694332781821 0.021388742881187847 0.024570370918649383 0.02343175221748835
leaf_weight=80 23 61 24 77 238 498 316 38 47 91 23 45 23 21 50 24
leaf_count=80 23 61 24 77 238 498 316 38 47 91 23 45 23 21 50 24
internal_value=0.0228943 0.0237232 0.0196033 0.0232285 0.0229614 0.0223873 0.0240318 0.0216046 0.0175345 0.0169875 0.0230905 0.0205989 0.0251831 0.0197384 0.0255021 0.0241279
internal_weight=1679 1343 336 1282 1132 736 396 174 162 138 70 104 150 66 127 47
internal_count=1679 1343 336 1282 1132 736 396 174 162 138 70 104 150 66 127 47
is_linear=0
shrinkage=1


Tree=1
num_leaves=17
num_cat=0
split_feature=22 22 11 23 31 13 34 19 26 26 30 19 22 29 27 20
split_gain=4.82357 6.82819 1.42835 0.706901 0.789773 0.619494 0.541387 0.411944 0.355222 0.291972 0.338652 0.277938 0.34345 0.183456 0.0829317 0.0554201
threshold=1.1284137254429691 0.7990532820453885 -0.51097621992358844 -0.51340637350044027 0.11273550820919734 0.92965000967289935 -2.8543947752958712 0.39822228399500187 0.52240783377779698 0.62004491875725043 -0.21499369353961403 0.39822228399500187 1.6029475471954873 -0.20532050120945713 -0.72132828028251572 0.8388470436415828
decision_type=2 2 2 2 2 2 2 2 2 2 2 2 2 2 2 2
left_child=1 3 9 4 6 7 -1 -5 -6 10 14 -4 -13 -7 -2 -11
right_child=2 -3 11 5 8 13 -8 -9 -10 15 -12 12 -14 -15 -16 -17
leaf_value=0.0042388146093913486 -0.0012496668551928074 0.010370326837990431 -0.001748712478250834 0.0014961873669305818 -0.00027543290020701916 0.0013579109796201404 -9.0112554351270014e-05 -0.0014101938564092553 -0.0033706671012021456 0.0014854551710699114 -0.0032701259131555434 -0.0079933328086137772 -0.0043238595495436426 -0.0015811167019462171 0.0010108122887282536 -0.00040530889575450643
leaf_weight=25 26 61 24 593 54 20 349 44 98 28 74 47 91 99 26 20
leaf_count=25 26 61 24 593 54 20 349 44 98 28 74 47 91 99 26 20
internal_value=0 0.000805303 -0.0031986 0.000324698 -0.000514499 0.000912262 0.000222725 0.00128508 -0.00231701 -0.00125423 -0.00200563 -0.00520803 -0.00573836 -0.00104133 -7.1396e-05 0.000661314
internal_weight=1679 1343 336 1282 526 756 374 637 152 174 126 162 138 119 52 48
internal_count=1679 1343 336 1282 526 756 374 637 152 174 126 162 138 119 52 48
is_linear=0
shrinkage=0.03


Tree=2
num_leaves=16
num_cat=0
split_feature=22 22 11 11 22 31 13 26 29 20 22 31 23 27 20
split_gain=4.55197 6.44399 1.34866 0.674849 0.748012 0.919082 0.283958 0.275502 0.319643 0.246526 0.288384 0.200729 0.369857 0.0837023 0.0525951
threshold=1.1284137254429691 0.7990532820453885 -0.51097621992358844 -0.26546293768843077 -0.45623199207377357 0.11273550820919734 0.92965000967289935 0.62004491875725043 -0.20508611231671914 0.20982799938029736 1.6029475471954873 0.10309591006828646 -0.51340637350044027 -0.72132828028251572 0.8388470436415828
decision_type=2 2 2 2 2 2 2 2 2 2 2 2 2 2 2
left_child=1 3 7 11 5 -5 -6 8 13 -4 -11 -1 -13 -2 -9
right_child=2 -3 9 4 6 -7 -8 14 -10 10 -12 12 -14 -15 -16
leaf_value=0.0033480883388081568 -0.0012160551488351332 0.010073800640646367 -0.0016151349973585454 0 0.001175678783730965 -0.0028482617468063836 -0.00071501562846978028 0.0014452041017282151 -0.0031563331321454967 -0.0075764197420615416 -0.0041982837053848067 -9.6295555696997327e-05 0.0017568395599066281 0.0010778245887985186 -0.00039473563252502808
leaf_weight=37 26 61 22 286 314 157 88 28 75 49 91 153 247 25 20
leaf_count=37 26 61 22 286 314 157 88 28 75 49 91 153 247 25 20
internal_value=0 0.000781728 -0.00310781 0.000314772 -0.000177628 -0.00102747 0.000752157 -0.00121784 -0.00194791 -0.00506055 -0.00553575 0.00126843 0.00104513 -3.86391e-05 0.000641616
internal_weight=1679 1343 336 1282 845 443 402 174 126 162 140 437 400 51 48
internal_count=1679 1343 336 1282 845 443 402 174 126 162 140 437 400 51 48
is_linear=0
shrinkage=0.03


Tree=3
num_leaves=17
num_cat=0
split_feature=22 22 11 23 11 19 30 11 19 22 29 22 19 8 30 19
split_gain=4.29599 6.0811 1.27336 0.657946 0.673954 0.822116 0.339961 0.262921 0.248432 0.308417 0.220708 0.0885021 0.0806297 0.0310541 0.0287268 0.00479654
threshold=1.1284137254429691 0.7990532820453885 -0.51097621992358844 1.9412807019494591 -0.26546293768843077 -0.74181597023147305 -0.21503197749469208 -2.1636858647365256 0.39822228399500187 1.6029475471954873 -0.20508611231671914 -0.27451313986239306 1.8060888577879 -0.58616206184691511 1.3408263121407005 -0.26275750558578759
decision_type=2 2 2 2 2 2 2 2 2 2 2 2 2 2 2 2
left_child=1 3 7 4 6 -6 -1 -2 -4 -10 13 15 -12 -9 -13 -5
right_child=2 -3 8 11 5 -7 -8 10 9 -11 12 14 -14 -15 -16 -17
leaf_value=-0.00069328715340670889 0.0013188138351204893 0.009785752598661929 -0.0016391390061212909 0.003716118330464644 0.00095468562670053027 -0.0011745179696573212 0.0014811232082911996 0.00075910556729397052 -0.0075578427100181575 -0.004076354848102052 -0.0030778818381950257 0.0016707626015002675 -0.00081457556361444938 -0.00065899368483052743 0.00016215939293159979 0.0020709201192130912
leaf_weight=77 28 61 24 31 238 498 319 20 47 91 69 65 26 31 20 34
leaf_count=77 28 61 24 31 238 498 319 20 47 91 69 65 26 31 20 34
internal_value=0 0.000759068 -0.00301953 0.000305384 5.29554e-05 -0.000480858 0.00104877 -0.00118245 -0.00491713 -0.00541893 -0.00169917 0.00215238 -0.00253296 -3.60437e-05 0.00136752 0.003029
internal_weight=1679 1343 336 1282 1132 736 396 174 162 138 146 150 95 51 85 65
internal_count=1679 1343 336 1282 1132 736 396 174 162 138 146 150 95 51 85 65
is_linear=0
shrinkage=0.03


Tree=4
num_leaves=17
num_cat=0
split_feature=22 22 11 11 23 31 19 19 26 30 19 22 31 20 20 8
split_gain=4.05633 5.73773 1.20227 0.625166 0.595143 0.78913 0.480785 0.402556 0.250065 0.287051 0.232981 0.291214 0.109248 0.0938018 0.0485365 0.0338703
threshold=1.1284137254429691 0.7990532820453885 -0.51097621992358844 0.87967804418211026 -0.51340637350044027 0.11296564679289008 0.34970967302491102 -0.61042826031089681 0.62004491875725043 -0.21499369353961403 0.39822228399500187 1.6029475471954873 0.1127350672396015 -0.38549359608127648 0.8388470436415828 -0.59870531064625998
decision_type=2 2 2 2 2 2 2 2 2 2 2 2 2 2 2 2
left_child=1 3 8 4 5 -1 -6 12 9 15 -4 -12 -5 -9 -10 -2
right_child=2 -3 10 7 6 -7 -8 13 14 -11 11 -13 -14 -15 -16 -17
leaf_value=0.000336671253328734 0.00077934792176212952 0.0095059415507130311 -0.0015954286528544292 -0.0014536177176568241 0.0014258047176489591 -0.0027806873451501207 -0.0012310033087919959 -0.00070045182318426668 0.0013933956013173765 -0.0030084500182178116 -0.0073447116458415984 -0.0039579669974466897 0.00083084874888347674 -0.0033251817211022842 -0.00037068912533678761 -0.00069088276959290468
leaf_weight=382 20 61 24 24 579 87 65 21 28 74 47 91 58 66 20 32
leaf_count=382 20 61 24 24 579 87 65 21 28 74 47 91 58 66 20 32
internal_value=0 0.000737766 -0.00293392 0.000297006 0.000557766 -0.000249245 0.00114855 -0.00138264 -0.00114823 -0.00184424 -0.00477795 -0.00526443 9.92247e-05 -0.00276943 0.000620969 -5.91981e-05
internal_weight=1679 1343 336 1282 1113 469 644 169 174 126 162 138 82 87 48 52
internal_count=1679 1343 336 1282 1113 469 644 169 174 126 162 138 82 87 48 52
is_linear=0
shrinkage=0.03


Tree=5
num_leaves=16
num_cat=0
split_feature=22 22 11 23 30 11 11 20 22 29 26 26 26 27 17
split_gain=3.82682 5.41551 1.13532 0.602685 0.63757 0.684152 0.237372 0.20644 0.244385 0.197787 0.107014 0.106044 0.0917124 0.0764842 0.0271612
threshold=1.1284137254429691 0.7990532820453885 -0.51097621992358844 1.9412807019494591 -0.21503197752743844 0.94970954047301637 -2.1636858647365256 0.20982799938029736 1.6029475471954873 -0.20508611231671914 0.62004491875725043 0.52240783377779698 0.58749922376409935 -0.72132828028251572 0.66231659496307815
decision_type=2 2 2 2 2 2 2 2 2 2 2 2 2 2 2
left_child=1 3 6 4 11 -6 -2 -4 -9 13 -11 -1 14 -8 -5
right_child=2 -3 7 12 5 -7 9 8 -10 10 -12 -13 -14 -15 -16
leaf_value=-0.00049196850638120223 0.0012589791432293432 0.0092341306661255645 -0.0014731012602522968 0.0015671539217962517 0.00065701095035550921 -0.0017784600851971505 -0.0011574712065048514 -0.0069611510657347168 -0.0038430176614684623 -0.0029033616620760699 -0.00023073824091672735 -0.0021283241656477664 0.0029508890701986073 0.0010355974546899752 0.0001124837318556788
leaf_weight=62 28 61 22 66 840 115 26 49 91 75 20 115 64 25 20
leaf_count=62 28 61 22 66 840 115 26 49 91 75 20 115 64 25 20
internal_value=-3.88857e-08 0.000715673 -0.00285062 0.000287402 4.57108e-05 0.000355952 -0.00111475 -0.00464273 -0.00507849 -0.0016063 -0.0023956 -0.00158956 0.0020551 -2.90729e-05 0.00127776
internal_weight=1679 1343 336 1282 1132 955 174 162 140 146 95 177 150 51 86
internal_count=1679 1343 336 1282 1132 955 174 162 140 146 95 177 150 51 86
is_linear=0
shrinkage=0.03


Tree=6
num_leaves=17
num_cat=0
split_feature=22 22 36 23 30 29 16 19 26 30 19 29 22 27 27 20
split_gain=3.61176 5.11052 0.817853 0.576666 0.665091 0.729613 0.557595 0.43697 0.357969 0.387334 0.269139 0.229265 0.124287 0.0880487 0.0734118 0.0483023
threshold=1.1284137254429691 0.7990532820453885 0.03000318770136183 -0.51340637350044027 0.97250114732087745 -0.20524432767757922 0.66604490563975938 0.36992358232291334 0.62004491875725043 -0.21499369353961403 0.39822228399500187 -0.20532050120945713 1.6029475471954873 -0.72132828028251572 -0.48031933882539796 0.8388470436415828
decision_type=2 2 2 2 2 2 2 2 2 2 2 2 2 2 2 2
left_child=1 3 8 4 5 -1 7 -5 9 13 -4 -8 -12 -2 -11 -10
right_child=2 -3 10 6 -6 -7 11 -9 15 14 12 -13 -14 -15 -16 -17
leaf_value=5.6323522407867347e-05 -0.0012625342103577142 0.0089700922504998733 -0.0014953076110945807 0.0016311912375943593 0.0037035212104783565 -0.0023610410370290213 0.0015977914987930228 -0.001280324007370783 0.0013330581149935058 -0.0023751262448616882 -0.007081763463360923 -0.0008321503094093299 -0.0040124254479246627 0.0009247176548433972 -0.0044551395537412684 -0.00038972575427731503
leaf_weight=332 34 61 24 475 29 165 39 48 28 64 39 194 56 26 43 22
leaf_count=332 34 61 24 475 29 165 39 48 28 64 39 194 56 26 43 22
internal_value=-3.13352e-07 0.000694947 -0.00276969 0.000278843 -0.000478779 -0.000749573 0.000809732 0.0013525 -0.00161539 -0.00227628 -0.00475853 -0.000397569 -0.0054813 -0.000268206 -0.003337 0.000539277
internal_weight=1679 1343 336 1282 526 497 756 523 217 167 119 233 95 60 107 50
internal_count=1679 1343 336 1282 526 497 756 523 217 167 119 233 95 60 107 50
is_linear=0
shrinkage=0.03


Tree=7
num_leaves=16
num_cat=0
split_feature=22 22 11 11 19 26 34 11 34 23 19 22 29 26 12
split_gain=3.41226 4.82256 1.01704 0.561043 0.907254 0.73115 0.352108 0.213964 0.197062 0.315187 0.196035 0.247337 0.176948 0.0925578 0.0301627
threshold=1.1284137254429691 0.7990532820453885 -0.51097621992358844 -0.26546293768843077 -0.56090553289007772 0.45731644379149444 0.14847858067264236 -2.1636858647365256 -2.4423142595303182 -0.51340637350044027 0.39822228399500187 1.6029475471954873 -0.20508611231671914 0.62004491875725043 -0.72789567598815974
decision_type=2 2 2 2 2 2 2 2 2 2 2 2 2 2 2
left_child=1 3 7 8 6 -6 -5 -2 -1 -10 -4 -12 14 -14 -9
right_child=2 -3 10 4 5 -7 -8 12 9 -11 11 -13 13 -15 -16
leaf_value=0.0038478571707382795 0.0012020810209777987 0.008713603834155946 -0.0014554328063709867 -0.00047381375700276669 0.00096345190210941878 -0.001809644579057283 0.0014354549140763529 0.0007619042264540558 -5.2721322064072167e-05 0.0016203827023354553 -0.0067574809366464615 -0.0036279787313728096 -0.0027355666278073422 -0.00023252909549552458 -0.00063754016863565668
leaf_weight=21 28 61 24 121 111 334 279 20 161 255 47 91 75 20 31
leaf_count=21 28 61 24 121 111 334 279 20 161 255 47 91 75 20 31
internal_value=-8.03106e-07 0.000674933 -0.00269266 0.000270653 -0.000178032 -0.00110941 0.000851229 -0.00104865 0.00114037 0.000969958 -0.0043891 -0.0048362 -0.00151594 -0.00226247 -2.13439e-05
internal_weight=1679 1343 336 1282 845 445 400 174 437 416 162 138 146 95 51
internal_count=1679 1343 336 1282 845 445 400 174 437 416 162 138 146 95 51
is_linear=0
shrinkage=0.03


Tree=8
num_leaves=14
num_cat=0
split_feature=22 22 36 27 10 30 19 30 20 30 19 22 33
split_gain=3.22121 4.55058 0.735857 0.536616 0.529566 0.418941 0.238823 0.229205 0.277295 0.204983 0.117621 0.109083 0.0233034
threshold=1.1284137254429691 0.7990532820453885 0.03000318770136183 -1.600479743196823 1.4039270530019354 -0.21503197764013102 0.39822228399500187 -0.20411540404894954 0.97363683884042962 -0.21499369353961403 -0.58010855358369973 1.6029475471954873 -0.28168425548457182
decision_type=2 2 2 2 2 2 2 2 2 2 2 2 2
left_child=1 3 7 -1 5 -5 -4 8 -2 -10 -6 -8 -9
right_child=2 -3 6 4 10 -7 11 12 9 -11 -12 -13 -14
leaf_value=-0.0039141667981942496 0.0011631966143447374 0.0084644492478109894 -0.0014166212238164411 0.0024826992300339044 -0.00030584373609323441 0.00034330082090018767 -0.0066962416161383898 -0.004422273135703543 -0.0002419348674648929 -0.0026755033526003262 -0.002993708052439615 -0.0037948681162828105 -0.002081164536625147
leaf_weight=24 39 61 24 87 26 1100 39 20 60 71 45 56 27
leaf_count=24 39 61 24 87 26 1100 39 20 60 71 45 56 27
internal_value=-7.91745e-07 0.000655705 -0.00261625 0.000262921 0.000354113 0.000508491 -0.00450318 -0.00152056 -0.000950144 -0.00161365 -0.00210226 -0.0051851 -0.00334294
internal_weight=1679 1343 336 1282 1258 1187 119 217 170 131 71 95 47
internal_count=1679 1343 336 1282 1258 1187 119 217 170 131 71 95 47
is_linear=0
shrinkage=0.03


Tree=9
num_leaves=16
num_cat=0
split_feature=22 22 26 23 30 27 23 26 19 26 26 27 20 10 17
split_gain=3.04402 4.29483 0.645606 0.508776 0.582848 0.533022 0.452618 0.366296 0.128187 0.0832502 0.083091 0.0506673 0.0450044 0.0265682 0.0238122
threshold=1.1284137254429691 0.7990532820453885 0.62004491875725043 1.9412807019494591 -0.21503197749469208 -1.600479743196823 -0.62427362575711198 0.19695088384628498 2.2022722255044438 0.58749922376409935 0.52240783377779698 -0.30160043527631913 0.8388470436415828 -0.56264633564047795 0.66231659496307815
decision_type=2 2 2 2 2 2 2 2 2 2 2 2 2 2 2
left_child=1 3 6 4 10 -6 13 8 -8 14 -1 -9 -4 -2 -5
right_child=2 -3 12 9 5 -7 7 11 -10 -11 -12 -13 -14 -15 -16
leaf_value=-0.00050113130416183801 0.00052869267598725856 0.0082224187902174874 0.0012439517725048766 0.0014108733857536445 -0.0038097891310850782 0.00045879607022433647 -0.0064047099483363762 -0.0021508970040317976 -0.0032871873594288318 0.0027288850461925146 -0.0019532726247925313 -0.0038480186785260842 -0.00038606450398866502 -0.00087615000658020699 5.4376581096616764e-05
leaf_weight=62 21 61 28 66 24 924 48 123 39 64 122 33 24 20 20
leaf_count=62 21 61 28 66 24 924 48 123 39 64 122 33 24 20 20
internal_value=-1.89642e-06 0.000636239 -0.00254445 0.000254586 3.2341e-05 0.000335899 -0.00310351 -0.00359042 -0.00519669 0.00187867 -0.0014959 -0.0025946 0.000457068 -0.000101428 0.00114158
internal_weight=1679 1343 336 1282 1132 948 284 243 87 150 184 156 52 41 86
internal_count=1679 1343 336 1282 1132 948 284 243 87 150 184 156 52 41 86
is_linear=0
shrinkage=0.03


Tree=10
num_leaves=17
num_cat=0
split_feature=22 22 11 11 27 36 19 11 19 22 30 31 30 22 19 16
split_gain=2.87403 4.05311 0.869998 0.52065 0.54335 0.355171 0.334876 0.183439 0.16978 0.203539 0.107776 0.0911925 0.0844974 0.0756431 0.027142 0.00667529
threshold=1.1284137254429691 0.7990532820453885 -0.51097621992358844 0.87967804418211026 -1.600479743196823 0.04541438326915815 -0.61042826031089681 -1.2755154025725448 0.39822228399500187 1.6029475471954873 -0.20997442483195009 0.1127350672396015 -0.21499369353961403 -0.41029138550478145 1.7080542895292972 -1.4081054264350181
decision_type=2 2 2 2 2 2 2 2 2 2 2 2 2 2 2 2
left_child=1 3 7 4 -1 -6 11 10 -4 -10 15 -5 -9 -8 -14 -2
right_child=2 -3 8 6 5 -7 13 12 9 -11 -12 -13 14 -15 -16 -17
leaf_value=-0.0037081946035226183 0.0015033004661090669 0.0079873087916057552 -0.0013092182087453288 -0.0013521919519537025 0.00042493439370113134 0.0024265017839392054 -0.003069738590709783 -0.00045637271470367545 -0.0062140085944533347 -0.0033501179333072788 -0.0013288297147507992 0.00073604575229320121 -0.0028501053967047484 -0.00071133102022111411 -0.0010092705294373445 0.00044284735245887059
leaf_weight=24 21 61 24 24 1004 85 65 38 47 91 23 58 45 22 21 26
leaf_count=24 21 61 24 24 1004 85 65 38 47 91 23 58 45 22 21 26
internal_value=-2.35156e-06 0.000617661 -0.00247294 0.000246836 0.000485054 0.000590148 -0.00128567 -0.000951224 -0.00404218 -0.00445824 0.00019688 6.34072e-05 -0.00173588 -0.00255028 -0.00237721 0.00103844
internal_weight=1679 1343 336 1282 1113 1089 169 174 162 138 70 82 104 87 66 47
internal_count=1679 1343 336 1282 1113 1089 169 174 162 138 70 82 104 87 66 47
is_linear=0
shrinkage=0.03


Tree=11
num_leaves=16
num_cat=0
split_feature=22 22 11 11 19 32 32 34 23 11 19 22 29 27 19
split_gain=2.7133 3.8254 0.820634 0.504968 0.788372 0.399968 0.316861 0.181566 0.293072 0.176278 0.159119 0.192042 0.14554 0.0644855 0.0587108
threshold=1.1284137254429691 0.7990532820453885 -0.51097621992358844 -0.26546293768843077 -0.56090553289007772 0.12070806908525793 0.12032287672318828 -2.4423142595303182 -0.51340637350044027 -2.1636858647365256 0.39822228399500187 1.6029475471954873 -0.20508611231671914 -0.72132828028251572 1.8060888577879
decision_type=2 2 2 2 2 2 2 2 2 2 2 2 2 2 2
left_child=1 3 9 7 6 -6 -5 -1 -9 -2 -4 -12 13 -11 -14
right_child=2 -3 10 4 5 -7 -8 8 -10 12 11 -13 14 -15 -16
leaf_value=0.0036621002731844782 0.0011124698164499168 0.0077589219280052918 -0.0012743056792274324 -0.00060224133873050772 -0.00048996987033477564 -0.0025277134045408886 0.0012794523268360104 -8.4697290695813293e-05 0.0015280760072285398 -0.0010353994701250359 -0.0060387734645605089 -0.0032528219760217247 -0.0024896886524123454 0.00098102433924629755 -0.00056584686071211514
leaf_weight=21 28 61 24 106 326 119 294 161 255 26 47 91 69 25 26
leaf_count=21 28 61 24 106 326 119 294 161 255 26 47 91 69 25 26
internal_value=-3.12848e-06 0.000599247 -0.00240368 0.000238923 -0.00018659 -0.00105487 0.000772588 0.00106419 0.000900604 -0.000925076 -0.00392794 -0.00433123 -0.0013505 0 -0.00202722
internal_weight=1679 1343 336 1282 845 445 400 437 416 174 162 138 146 51 95
internal_count=1679 1343 336 1282 845 445 400 437 416 174 162 138 146 51 95
is_linear=0
shrinkage=0.03


Tree=12
num_leaves=17
num_cat=0
split_feature=22 22 11 11 27 30 19 11 19 22 30 31 30 22 19 5
split_gain=2.56131 3.60994 0.774814 0.482042 0.493612 0.336703 0.264074 0.167098 0.149101 0.181173 0.0985383 0.0765505 0.075863 0.0694266 0.0232459 0.00358638
threshold=1.1284137254429691 0.7990532820453885 -0.51097621992358844 0.94970954047301637 -1.5514199055601969 -0.21503197764013102 -0.61042826031089681 -1.2755154025725448 0.39822228399500187 1.6029475471954873 -0.20997442483195009 0.1127350672396015 -0.21499369353961403 -0.50763982276362996 1.7080542895292972 -0.32581027899412235
decision_type=2 2 2 2 2 2 2 2 2 2 2 2 2 2 2 2
left_child=1 3 7 4 -1 -6 11 10 -4 -10 15 -5 -9 -8 -14 -2
right_child=2 -3 8 6 5 -7 13 12 9 -11 -12 -13 14 -15 -16 -17
leaf_value=-0.0032192932362668215 0.001346410994113992 0.0075370653877034777 -0.0012403242324685885 -0.0014147248658537865 0.0024099403698190414 0.0003987189911255891 -0.0031270435961156056 -0.00043005978036671878 -0.0058684801661968234 -0.0031583517217721314 -0.001261026126534069 0.00059663651362863225 -0.0026999237001873555 -0.00070823525637388229 -0.00096070929936831813 0.00041204988752276849
leaf_weight=29 24 61 24 22 79 1027 55 38 47 91 23 50 45 20 21 23
leaf_count=29 24 61 24 22 79 1027 55 38 47 91 23 50 45 20 21 23
internal_value=-3.30427e-06 0.000581906 -0.0023357 0.000231809 0.000444006 0.000551213 -0.0013627 -0.00089834 -0.00381696 -0.00420787 0.000195613 -9.95182e-06 -0.00164753 -0.00257254 -0.00225585 0.00100133
internal_weight=1679 1343 336 1282 1135 1106 147 174 162 138 70 72 104 75 66 47
internal_count=1679 1343 336 1282 1135 1106 147 174 162 138 70 72 104 75 66 47
is_linear=0
shrinkage=0.03


Tree=13
num_leaves=16
num_cat=0
split_feature=22 22 11 11 19 26 34 34 23 11 19 22 32 26 12
split_gain=2.41819 3.40714 0.730814 0.467014 0.725033 0.64514 0.293225 0.173338 0.273349 0.161096 0.139688 0.170897 0.131033 0.0674633 0.0235594
threshold=1.1284137254429691 0.7990532820453885 -0.51097621992358844 -0.26546293768843077 -0.56090553289007772 0.45731644379149444 0.14847858067264236 -2.4423142595303182 -0.51340637350044027 -2.1636858647365256 0.39822228399500187 1.6029475471954873 0.12081038012581531 0.62004491875725043 -0.72789567598815974
decision_type=2 2 2 2 2 2 2 2 2 2 2 2 2 2 2
left_child=1 3 9 7 6 -6 -5 -1 -9 -2 -4 -12 14 -14 -11
right_child=2 -3 10 4 5 -7 -8 8 -10 12 11 -13 13 -15 -16
leaf_value=0.0035555037269368768 0.0010716433618874889 0.0073215523590333762 -0.0012072488874869628 -0.00047249437811514055 0.00092843460439287712 -0.0016755871870577435 0.0012686749270767596 -9.2621943155813275e-05 0.0014643961363235154 0.00069756272848209614 -0.0057029889607429505 -0.0030666251296438819 -0.0023273205118110548 -0.00017101100577122488 -0.00054264542524812417
leaf_weight=21 28 61 24 121 111 334 279 161 255 20 47 91 75 20 31
leaf_count=21 28 61 24 121 111 334 279 161 255 20 47 91 75 20 31
internal_value=-4.02848e-06 0.000564548 -0.00227038 0.00022436 -0.000184734 -0.00101748 0.000734931 0.00101808 0.000858292 -0.000873725 -0.00370914 -0.00408803 -0.00128101 -0.0019231 0
internal_weight=1679 1343 336 1282 845 445 400 437 416 174 162 138 146 95 51
internal_count=1679 1343 336 1282 845 445 400 437 416 174 162 138 146 95 51
is_linear=0
shrinkage=0.03


Tree=14
num_leaves=18
num_cat=0
split_feature=22 22 11 11 27 30 19 20 29 33 20 31 20 27 16 27 15
split_gain=2.28302 3.21494 0.690779 0.446671 0.459127 0.307042 0.27301 0.15186 0.148842 0.131989 0.0757838 0.0735428 0.053789 0.0462091 0.0128987 0.00408961 0.00155581
threshold=1.1284137254429691 0.7990532820453885 -0.65530534441422461 0.87967804418211026 -1.5514199055601969 -0.21503197764013618 -0.61042826031089681 0.96240435590719231 -0.20508611231671914 0.015335500996460224 -0.38549359608127648 0.1127350672396015 0.19859551644706011 -0.72132828028251572 -1.2540336491512456 -0.81494306719126364 0.88864766115804994
decision_type=2 2 2 2 2 2 2 2 2 2 2 2 2 2 2 2 2
left_child=1 3 7 4 -1 -6 11 14 13 12 -8 -5 -4 -9 -2 -10 -14
right_child=2 -3 9 6 5 -7 10 8 15 -11 -12 -13 16 -15 -16 -17 -18
leaf_value=-0.0030925656339386475 0.0012957357505093449 0.0071122015588916841 -0.0010243862531096966 -0.0012537777399023371 0.0024334133499982124 0.00040415858764295069 -0.00049731543241068724 -0.0008571821453806479 -0.0015147749905556657 -0.0051701408808314522 -0.0028390002765328339 0.00062414769568770636 -0.0023826174849281246 0.00094337895910979975 5.7551703112118907e-05 -0.0027574798560568263 -0.0036396195001434533
leaf_weight=29 20 61 21 24 70 1014 21 21 48 40 66 58 56 24 20 25 61
leaf_count=29 20 61 21 24 70 1014 21 21 48 40 66 58 56 24 20 25 61
internal_value=-3.905e-06 0.000548501 -0.00220605 0.000217977 0.000438805 0.000544313 -0.0012012 -0.000717009 -0.00126086 -0.00347741 -0.00234252 1.43648e-05 -0.00286592 3.95596e-05 0.000793619 -0.00207188 -0.00313758
internal_weight=1679 1343 336 1282 1113 1084 169 158 118 178 87 82 138 45 40 73 117
internal_count=1679 1343 336 1282 1113 1084 169 158 118 178 87 82 138 45 40 73 117
is_linear=0
shrinkage=0.03


Tree=15
num_leaves=17
num_cat=0
split_feature=22 22 11 23 34 29 10 29 29 11 19 22 29 26 27 11
split_gain=2.15601 3.03429 0.653454 0.431947 0.5365 0.67605 0.384672 0.294558 0.192444 0.14562 0.124139 0.158809 0.118024 0.0606072 0.0554402 0.000891755
threshold=1.1284137254429691 0.7990532820453885 -0.51097621992358844 -0.51340637350044027 -1.4776734381332755 -0.20524432767757922 0.46632489888292544 -0.20532050046938674 -0.2053205012100541 -2.1636858647365256 0.39822228399500187 1.6029475471954873 -0.20508611231671914 0.62004491875725043 -0.72132828028251572 -0.24325681658472889
decision_type=2 2 2 2 2 2 2 2 2 2 2 2 2 2 2 2
left_child=1 3 9 4 -1 -6 7 -5 -8 -2 -4 -12 14 -14 -11 -13
right_child=2 -3 10 6 5 -7 8 -9 -10 12 11 15 13 -15 -16 -17
leaf_value=0.0028423460897330829 0.0010240422741795378 0.0069088369568344205 -0.0011361153922819843 6.084528958100626e-05 3.9046318626114681e-05 -0.0023310299348349699 0.0014643632139275061 0.0016148099813000768 -0.00071685702278860856 -0.00095429188563063904 -0.0054153838062286378 -0.0015873669394818335 -0.0022032195944339038 -0.0001525514007181577 0.00091586602836780777 -0.0031275729710185849
leaf_weight=38 28 61 24 165 332 156 41 353 197 26 47 20 75 20 25 71
leaf_count=38 28 61 24 165 332 156 41 353 197 26 47 20 75 20 25 71
internal_value=-4.59894e-06 0.000532172 -0.00214466 0.000211002 -0.000444267 -0.000722104 0.000670823 0.00112878 -0.000315101 -0.000822852 -0.00350542 -0.00386326 -0.00121067 -0.00182 0 -0.00288245
internal_weight=1679 1343 336 1282 526 488 756 518 238 174 162 138 146 95 51 91
internal_count=1679 1343 336 1282 526 488 756 518 238 174 162 138 146 95 51 91
is_linear=0
shrinkage=0.03


Tree=16
num_leaves=22
num_cat=0
split_feature=19 11 23 34 30 31 11 33 34 26 21 29 19 30 26 23 14 19 16 18 35
split_gain=1.62993 0.744154 0.818351 1.10969 0.807751 0.558865 0.457302 0.439291 0.342506 0.279465 0.242728 0.225032 0.212744 0.139018 0.0903462 0.0407842 0.0384258 0.0328367 0.0269867 0.0241396 0.00618613
threshold=0.87323874055181516 0.87967804418211026 -0.51340637350044027 0.14871678204679509 -0.21482149574984188 0.11296564679289008 -0.13579177803615708 0.015335684942671729 -2.8543947752958712 0.58749922376409935 0.61465745030602881 -0.085804007235291357 -0.61042826031089681 -0.21499369353961403 0.58749922376409935 0.89907471168225139 0.21170953825164332 1.8060888577879 -0.51665757813950641 -0.12193537615956522 0.18429214084500228
decision_type=2 2 2 2 2 2 2 2 2 2 2 2 2 2 2 2 2 2 2 2 2
left_child=1 2 5 7 -5 8 9 -4 -1 13 12 -7 15 18 -8 -3 -14 -11 -2 -12 -15
right_child=6 10 3 4 -6 11 14 -9 -10 17 19 -13 16 20 -16 -17 -18 -19 -20 -21 -22
leaf_value=0.003456732037610241 9.3007977567462904e-05 0.00037953206881464118 -0.00030713669282070647 0.00504521643419132 0.0012888272966513725 -0.003348894144807543 -0.0042293866157179349 0.0014746815479390685 0 -0.00017239771245845727 0 0 -0.0014543136401578437 -0.0016465013038453665 -0.0016632566150859929 -0.0011564014173299074 -0.0030654730918580914 0.0010549164493575899 -0.001145394549342907 0.0012892850364128556 -0.0028558967298595236
leaf_weight=25 28 35 245 104 110 60 71 244 340 32 22 27 40 40 27 22 64 35 24 23 61
leaf_count=25 28 35 245 104 110 60 71 244 340 32 22 27 40 40 27 22 64 35 24 23 61
internal_value=-4.60833e-06 0.000446252 0.000744368 0.00138322 0.0031727 -0.000245218 -0.00192972 0.000579424 0.000267417 -0.00112362 -0.00119756 -0.00236648 -0.0017403 -0.00182448 -0.0036225 -0.000191464 -0.00253198 0.000443613 -0.000455316 0.000669158 -0.00246709
internal_weight=1679 1361 1155 703 214 452 318 489 365 220 206 87 161 153 98 57 104 67 52 45 101
internal_count=1679 1361 1155 703 214 452 318 489 365 220 206 87 161 153 98 57 104 67 52 45 101
is_linear=0
shrinkage=0.03


Tree=17
num_leaves=17
num_cat=0
split_feature=22 22 11 11 19 26 32 34 23 11 33 29 19 19 8 11
split_gain=1.93384 2.75493 0.593169 0.397015 0.617217 0.622032 0.246007 0.150068 0.231217 0.116211 0.115558 0.0991018 0.0420928 0.0413778 0.0123965 0.0039274
threshold=1.1284137254429691 0.7990532820453885 -0.65530534441422461 -0.26546293768843077 -0.69330335926138209 0.45731644379149444 0.12032287672318828 -1.9379851581585636 -0.51340637350044027 -2.1636858647365256 0.015335500996460224 -0.20508611231671914 1.8060888577879 0.39822228399500187 -0.58616206184691511 0.35690550757908895
decision_type=2 2 2 2 2 2 2 2 2 2 2 2 2 2 2 2
left_child=1 3 9 7 6 -6 -5 -1 -9 -2 13 14 -13 -4 -11 -15
right_child=2 -3 10 4 5 -7 -8 8 -10 11 -12 12 -14 15 -16 -17
leaf_value=0.003192610167826597 0.00097602323979710125 0.0065793504278990438 -0.001078438052183224 -0.00042145873953396558 0.00070392835822276529 -0.0015451306421492741 0.0013236296878500326 -0.00010645789917368717 0.0013296785222631771 0.000604089787857526 -0.0047944572907547616 -0.002029452974521197 -0.00031054564498257469 -0.002331403037570417 -0.00031872682699135373 -0.0035979142372806867
leaf_weight=23 28 61 24 99 157 350 239 159 255 20 40 62 23 72 25 42
leaf_count=23 28 61 24 99 157 350 239 159 255 20 40 62 23 72 25 42
internal_value=-4.98149e-06 0.000503287 -0.00203187 0.000197156 -0.000179803 -0.00084275 0.000804486 0.000929134 0.000774127 -0.000650697 -0.00321017 -0.00103774 -0.00162487 -0.00263744 4.10357e-05 -0.00290394
internal_weight=1679 1343 336 1282 845 507 338 437 414 158 178 130 85 138 45 114
internal_count=1679 1343 336 1282 845 507 338 437 414 158 178 130 85 138 45 114
is_linear=0
shrinkage=0.03


end of trees

feature_importances:
Column_22=52
Column_11=41
Column_19=38
Column_30=23
Column_26=20
Column_23=17
Column_27=15
Column_29=15
Column_20=12
Column_34=10
Column_31=9
Column_16=4
Column_32=4
Column_33=4
Column_8=3
Column_10=3
Column_36=3
Column_12=2
Column_13=2
Column_17=2
Column_5=1
Column_14=1
Column_15=1
Column_18=1
Column_21=1
Column_35=1

parameters:
[boosting: gbdt]
[objective: regression]
[metric: l2]
[tree_learner: serial]
[device_type: cpu]
[data_sample_strategy: bagging]
[data: ]
[valid: ]
[num_iterations: 200]
[learning_rate: 0.03]
[num_leaves: 31]
[num_threads: 40]
[seed: 42]
[deterministic: 0]
[force_col_wise: 0]
[force_row_wise: 0]
[histogram_pool_size: -1]
[max_depth: 5]
[min_data_in_leaf: 20]
[min_sum_hessian_in_leaf: 0.001]
[bagging_fraction: 0.8]
[pos_bagging_fraction: 1]
[neg_bagging_fraction: 1]
[bagging_freq: 0]
[bagging_seed: 400]
[bagging_by_query: 0]
[feature_fraction: 0.8]
[feature_fraction_bynode: 1]
[feature_fraction_seed: 30056]
[extra_trees: 0]
[extra_seed: 12879]
[early_stopping_round: 0]
[early_stopping_min_delta: 0]
[first_metric_only: 0]
[max_delta_step: 0]
[lambda_l1: 0.1]
[lambda_l2: 3]
[linear_lambda: 0]
[min_gain_to_split: 0]
[drop_rate: 0.1]
[max_drop: 50]
[skip_drop: 0.5]
[xgboost_dart_mode: 0]
[uniform_drop: 0]
[drop_seed: 17869]
[top_rate: 0.2]
[other_rate: 0.1]
[min_data_per_group: 100]
[max_cat_threshold: 32]
[cat_l2: 10]
[cat_smooth: 10]
[max_cat_to_onehot: 4]
[top_k: 20]
[monotone_constraints: ]
[monotone_constraints_method: basic]
[monotone_penalty: 0]
[feature_contri: ]
[forcedsplits_filename: ]
[refit_decay_rate: 0.9]
[cegb_tradeoff: 1]
[cegb_penalty_split: 0]
[cegb_penalty_feature_lazy: ]
[cegb_penalty_feature_coupled: ]
[path_smooth: 0]
[interaction_constraints: ]
[verbosity: -1]
[saved_feature_importance_type: 0]
[use_quantized_grad: 0]
[num_grad_quant_bins: 4]
[quant_train_renew_leaf: 0]
[stochastic_rounding: 1]
[linear_tree: 0]
[max_bin: 255]
[max_bin_by_feature: ]
[min_data_in_bin: 3]
[bin_construct_sample_cnt: 200000]
[data_random_seed: 175]
[is_enable_sparse: 1]
[enable_bundle: 1]
[use_missing: 1]
[zero_as_missing: 0]
[feature_pre_filter: 1]
[pre_partition: 0]
[two_round: 0]
[header: 0]
[label_column: ]
[weight_column: ]
[group_column: ]
[ignore_column: ]
[categorical_feature: ]
[forcedbins_filename: ]
[precise_float_parser: 0]
[parser_config_file: ]
[objective_seed: 16083]
[num_class: 1]
[is_unbalance: 0]
[scale_pos_weight: 1]
[sigmoid: 1]
[boost_from_average: 1]
[reg_sqrt: 0]
[alpha: 0.9]
[fair_c: 1]
[poisson_max_delta_step: 0.7]
[tweedie_variance_power: 1.5]
[lambdarank_truncation_level: 30]
[lambdarank_norm: 1]
[label_gain: ]
[lambdarank_position_bias_regularization: 0]
[eval_at: ]
[multi_error_top_k: 1]
[auc_mu_weights: ]
[num_machines: 1]
[local_listen_port: 12400]
[time_out: 120]
[machine_list_filename: ]
[machines: ]
[gpu_platform_id: -1]
[gpu_device_id: -1]
[gpu_device_id_list: ]
[gpu_use_dp: 0]
[num_gpu: 1]

end of parameters

pandas_categorical:null
