tree
version=v4
num_class=1
num_tree_per_iteration=1
label_index=0
max_feature_idx=36
objective=regression
feature_names=Column_0 Column_1 Column_2 Column_3 Column_4 Column_5 Column_6 Column_7 Column_8 Column_9 Column_10 Column_11 Column_12 Column_13 Column_14 Column_15 Column_16 Column_17 Column_18 Column_19 Column_20 Column_21 Column_22 Column_23 Column_24 Column_25 Column_26 Column_27 Column_28 Column_29 Column_30 Column_31 Column_32 Column_33 Column_34 Column_35 Column_36
feature_infos=[-5.0053947805299668:4.4940271342392757] [-5.2644838925417066:4.3313600725248227] [-5.0060912273816296:4.4926827723365053] [-5.0095439112764577:4.49403464329722] [-5.004963234415853:4.4921126082187453] [-5.0082180620915207:4.4936408493187336] [-5.0090567174384724:4.4858528225071215] [-2.0618811076119639:9.7067990023888271] [-5.0799074770435793:6.6902655911091946] [-3.9345074032439276:8.6260192375722529] [-4.1050434013011365:9.1665783766189524] [-3.6582481792008252:7.9118826442231835] [-4.4838216998914744:8.5034776445136] [-4.4283410591103021:8.9656793886829629] [-1.477296197853498:7.3095256146299548] [-1.5571061828527513:6.0240262780568496] [-3.0087233944517493:3.3909609066839375] [-4.0418203892573272:5.8140664685197612] [-3.6925881627273651:4.634702442199278] [-1.724676809607335:3.4605502475685896] [-1.9201296982522364:2.3657056354314667] [-1.2363548462925649:7.566321440178271] [-1.2267172875628032:2.1937439981651297] [-1.5927211988707835:2.3078881448962631] [-2.0076734786959896:4.5519443477401254] [-4.424933783346197:3.230700886265085] [-2.5630525425960911:0.62986142007267099] [-2.2342375790594979:10.899211920890709] none [-0.20805005980411684:11.558926779627919] [-0.217902267937406:8.6996639301642134] [-8.4624025847523008:4.3267040967060275] [-7.4150051330044189:3.6066306673158524] [-17.114715587366479:8.1265368579855259] [-6.4805662908214847:2.7619905863971059] [-5.5216174346729483:2.4272887948798392] [-12.291260875104367:11.518828152348313]
tree_sizes=1520 1384 1477 1570 1477 1472 1487 1489

Tree=0
num_leaves=16
num_cat=0
split_feature=22 20 22 36 30 33 30 30 30 30 34 32 10 30 30
split_gain=15.3528 6.29612 5.71995 1.5 1.77434 0.751955 0.636004 0.786372 0.305721 0.374987 0.301097 0.114715 0.074555 0.0496682 0.00221797
threshold=1.2359615262129646 -0.54705376695142538 0.52546874798162146 0.029002730640205861 -0.21790226783705044 0.015531189461055228 -0.21790226793727155 -0.21790226564285667 -0.20887337317563096 -0.21757614317457927 0.15063365108377327 1.0000000180025095e-35 -0.69044170309342812 -0.21773297215378273 -0.2171138672995713
decision_type=2 2 2 2 2 2 2 2 2 2 2 2 2 2 2
left_child=1 2 6 11 -5 -6 10 -8 9 12 -1 -3 -2 -4 -11
right_child=8 3 13 4 5 -7 7 -9 -10 14 -12 -13 -14 -15 -16
leaf_value=0.042441484607006842 0.037498973975448172 0.039822577461214315 0.04828667003885833 0.037683813097742339 0.041212148756950777 0.043223254178020337 0.040257190290567582 0.043961414198309332 0.033397315296967621 0.039343242250590799 0.046466307890112322 0.036506537437973642 0.034482570344453047 0.053187166580801193 0.037575728034428567
leaf_weight=24 30 20 22 86 338 323 62 244 74 24 103 54 102 67 64
leaf_count=24 30 20 22 86 338 323 62 244 74 24 103 54 102 67 64
internal_value=0.0415247 0.042887 0.0454532 0.0412506 0.0416571 0.0421936 0.0439812 0.0431962 0.0353511 0.0361222 0.0457675 0.0372626 0.0350412 0.0522684 0.037937
internal_weight=1637 1343 522 821 747 661 433 306 294 220 127 74 132 89 88
internal_count=1637 1343 522 821 747 661 433 306 294 220 127 74 132 89 88
is_linear=0
shrinkage=1


Tree=1
num_leaves=14
num_cat=0
split_feature=22 20 22 36 30 26 33 23 26 29 22 31 29
split_gain=14.4849 5.94201 5.40456 1.41703 1.67446 0.706887 0.682782 0.471468 0.390532 0.35682 0.331946 0.106997 0.0415009
threshold=1.2359615262129646 -0.54705376695142538 0.52546874798162146 0.029002730640205861 -0.21790226780762248 0.58099028799100638 0.015531189461055228 0.74828490153456195 0.61357104271211615 -0.077844949868282984 1.9424559083185742 0.026394956087758097 -0.20718998536289357
decision_type=2 2 2 2 2 2 2 2 2 2 2 2 2
left_child=1 2 5 11 -5 7 -6 -1 10 -7 -2 -3 -4
right_child=8 3 12 4 6 9 -8 -9 -10 -11 -12 -13 -14
leaf_value=-0.0008304280178355318 -0.0076357120548156982 -0.0016577365770936011 0.0065834365385770803 -0.0035686477755662053 -0.00027771657273054128 0.004786150165299167 0.0016480493825014701 0.0020947469586459306 -0.0032192648383026776 0.00089474279568953945 -0.0048738735988039837 -0.0048755581488734798 0.011327569743990898
leaf_weight=60 138 20 22 93 331 119 323 224 52 30 104 54 67
leaf_count=60 138 20 22 93 331 119 323 224 52 30 104 54 67
internal_value=0 0.00132246 0.00381551 -0.000267134 0.000127889 0.00238447 0.000672004 0.00146408 -0.0059973 0.00405551 -0.00653526 -0.00414331 0.0104404
internal_weight=1637 1343 522 821 747 433 654 284 294 149 242 74 89
internal_count=1637 1343 522 821 747 433 654 284 294 149 242 74 89
is_linear=0
shrinkage=0.03


Tree=2
num_leaves=15
num_cat=0
split_feature=22 20 22 36 30 26 33 23 26 29 22 31 29 21
split_gain=13.6536 5.60789 5.10653 1.33868 1.58045 0.666767 0.665813 0.444515 0.365962 0.335074 0.311119 0.0997613 0.0343746 0.00854825
threshold=1.2359615262129646 -0.54705376695142538 0.52546874798162146 0.029002730640205861 -0.21790226783705044 0.58099028799100638 0.015531189461055228 0.74828490153456195 0.61357104271211615 -0.077844949868282984 1.9424559083185742 0.026394956087758097 -0.20724847913938127 0.58462023485054615
decision_type=2 2 2 2 2 2 2 2 2 2 2 2 2 2
left_child=1 2 5 11 -5 7 -6 -1 10 -7 -2 -3 -4 -10
right_child=8 3 12 4 6 9 -8 -9 13 -11 -12 -13 -14 -15
leaf_value=-0.00080670145311437182 -0.0074115145288883369 -0.0016144912676966706 0.0063139353711158036 -0.0036261107463682637 -0.00029298946470840968 0.0046460964890105306 0.0015990628753966426 0.0020327350827043472 -0.001989454311877489 0.00087034072894179694 -0.0047317568930649303 -0.0047369897098917717 0.010969970094695896 -0.0039054958006100992
leaf_weight=60 138 20 21 86 338 119 323 224 27 30 104 54 68 25
leaf_count=60 138 20 21 86 338 119 323 224 27 30 104 54 68 25
internal_value=0 0.00128386 0.00370582 -0.000260292 0.000123548 0.00231457 0.000630098 0.00142024 -0.00582276 0.0039378 -0.00634417 -0.00402781 0.0101457 -0.00312795
internal_weight=1637 1343 522 821 747 433 661 284 294 149 242 74 89 52
internal_count=1637 1343 522 821 747 433 661 284 294 149 242 74 89 52
is_linear=0
shrinkage=0.03


Tree=3
num_leaves=16
num_cat=0
split_feature=22 20 22 36 30 33 29 29 34 30 30 31 10 29 30
split_gain=12.8743 5.29262 4.82479 1.26467 1.48974 0.626939 0.577931 0.656479 0.281763 0.27013 0.316951 0.0929781 0.0724043 0.0279784 0.00595253
threshold=1.2359615262129646 -0.54705376695142538 0.52546874798162146 0.029002730640205861 -0.21790226783705044 0.015531189461055228 -0.20805005980370941 -0.20805005168718213 0.15063365108377327 -0.20887337317563096 -0.21757614317457927 0.026394956087758097 -0.69044170309342812 -0.20718998536289357 -0.2171138672995713
decision_type=2 2 2 2 2 2 2 2 2 2 2 2 2 2 2
left_child=1 2 6 11 -5 -6 8 -8 -1 10 12 -3 -2 -4 -12
right_child=9 3 13 4 5 -7 7 -9 -10 -11 14 -13 -14 -15 -16
leaf_value=0.00078225357416603308 -0.0036144036880948324 -0.001572374123594035 0.0062373586910963062 -0.0035209943522395712 -0.00028427713191190657 0.0015515323555428371 -0.0010987687162799856 0.0022237360975212559 0.0046690146976593625 -0.0074820112346054663 -0.0019200188714183037 -0.0046023594674311193 -0.0064581888428756166 0.010687312153407505 -0.0036124060810057085
leaf_weight=24 30 20 22 86 338 323 65 244 100 74 24 54 102 67 64
leaf_count=24 30 20 22 86 338 323 65 244 100 74 24 54 102 67 64
internal_value=0 0.00124637 0.00359928 -0.000253649 0.000119323 0.000611237 0.00224673 0.00151137 0.00397661 -0.00565445 -0.00493389 -0.00391557 -0.00592878 0.00985919 -0.00326233
internal_weight=1637 1343 522 821 747 661 433 309 124 294 220 74 132 89 88
internal_count=1637 1343 522 821 747 661 433 309 124 294 220 74 132 89 88
is_linear=0
shrinkage=0.03


Tree=4
num_leaves=15
num_cat=0
split_feature=22 20 22 30 29 26 30 23 26 29 22 22 26 21
split_gain=12.1468 4.99521 4.55875 1.11432 1.52827 0.60505 0.507218 0.396046 0.327182 0.308613 0.280568 0.27621 0.0242099 0.00834445
threshold=1.2359615262129646 -0.54705376695142538 0.52546874798162146 -0.21790226783705044 -0.20790501094304822 0.58099028799100638 -0.21790225987742451 0.74828490153456195 0.61357104271211615 -0.077844949868282984 -0.55715253634072248 1.9424559083185742 0.25518274077990816 0.58462023485054615
decision_type=2 2 2 2 2 2 2 2 2 2 2 2 2 2
left_child=1 2 5 -3 6 7 -5 -1 11 -7 -6 -2 -4 -10
right_child=8 3 12 4 10 9 -8 -9 13 -11 -12 -13 -14 -15
leaf_value=-0.00077124524222952978 -0.0069947397807177073 -0.0034189250567990743 0.011384600460529326 -0.00078788707164060656 -0.0024038224744305828 0.0044065863020626489 0.0015052744195550153 0.0019071313614068789 -0.0018517432106658815 0.00078595680489458824 0.00045214639852024816 -0.0044619660908791509 0.0075527249467822735 -0.0036852647153926745
leaf_weight=60 138 86 39 106 185 119 410 224 27 30 34 104 50 25
leaf_count=60 138 86 39 106 185 119 410 224 27 30 34 104 50 25
internal_value=0 0.00120999 0.00349584 -0.000247178 0.000132262 0.0021809 0.00102659 0.00132868 -0.00549302 0.00372724 -0.0019468 -0.00598648 0.00958095 -0.00294072
internal_weight=1637 1343 522 821 735 433 516 284 294 149 219 242 89 52
internal_count=1637 1343 522 821 735 433 516 284 294 149 219 242 89 52
is_linear=0
shrinkage=0.03


Tree=5
num_leaves=15
num_cat=0
split_feature=22 20 22 36 30 26 33 16 26 29 22 32 21 15
split_gain=11.4555 4.7148 4.36923 1.16093 1.35296 0.561872 0.529628 0.395649 0.304736 0.291558 0.258773 0.0881421 0.00742029 0.0067154
threshold=1.2359615262129646 -0.57003411726608333 0.52546874798162146 0.029002730640205861 -0.21790226780762248 0.58099028799100638 0.015531189461055228 1.21548854657171 0.61357104271211615 -0.077844949868282984 1.9424559083185742 1.0000000180025095e-35 0.58462023485054615 0.55722516653894483
decision_type=2 2 2 2 2 2 2 2 2 2 2 2 2 2
left_child=1 2 5 11 13 7 -6 -1 10 -7 -2 -3 -10 -5
right_child=8 3 -4 4 6 9 -8 -9 12 -11 -12 -13 -14 -15
leaf_value=0.0018270420155887947 -0.0067893624483270848 -0.0014686472555217533 0.0094468175351619717 -0.003464162653214053 -0.00021336350519241614 0.0042902965484848937 0.0014755866154914862 -0.0010325292304118674 -0.0018017461370676755 0.00076452157976613809 -0.0043318602808133187 -0.0044032363640634639 -0.0035865522631044894 -0.0017464012694545089
leaf_weight=231 138 20 87 73 335 118 324 50 27 30 104 54 25 21
leaf_count=231 138 20 87 73 335 118 324 50 27 30 104 54 25 21
internal_value=0 0.0011752 0.0034169 -0.000227173 0.000127262 0.00213 0.000615408 0.00130213 -0.00533429 0.00362487 -0.00581147 -0.00373719 -0.0028632 -0.00317722
internal_weight=1637 1343 516 827 753 429 659 281 294 148 242 74 52 94
internal_count=1637 1343 516 827 753 429 659 281 294 148 242 74 52 94
is_linear=0
shrinkage=0.03


Tree=6
num_leaves=15
num_cat=0
split_feature=22 22 23 29 30 29 16 30 36 16 20 20 35 19
split_gain=10.8019 5.63117 1.98334 1.29214 1.13726 1.82339 0.747497 0.316988 0.21932 0.218229 0.132715 0.132647 0.0606074 0.0529032
threshold=1.0934908975938853 0.52546874798162146 0.66075070170180472 -0.20775715145368498 -0.21790226764971654 -0.20795864284504714 1.0401308903693429 -0.20887337317563096 0.030298081537073283 0.32361949843816978 -1.6156400565830187 -1.0296411235592415 0.18862535348214682 1.0294674826594423
decision_type=2 2 2 2 2 2 2 2 2 2 2 2 2 2
left_child=1 2 4 -3 11 -6 8 9 -4 12 -8 -1 -2 -14
right_child=7 3 6 -5 5 -7 10 -9 -10 -11 -12 -13 13 -15
leaf_value=-0.00017400346295191689 -0.0045709028350455422 0.0012894892550021821 0.0012031737296400885 0.0095183794205742217 0.0014933934309029446 -0.0017201590457777225 0.0017606822385638952 -0.0068879961576554672 0.0035052974072009831 -0.0059239555082150862 -0.00080650300696277267 -0.0028013792779789542 -0.0010376073571083985 -0.0032319580034009718
leaf_weight=23 60 24 54 81 435 246 22 74 239 67 62 138 20 92
leaf_count=23 60 24 54 81 435 246 22 74 239 67 62 138 20 92
internal_value=-5.09133e-07 0.00118469 0.000598793 0.00775333 -0.00020915 0.000325712 0.00239857 -0.00498709 0.00310764 -0.00430804 -6.21338e-05 -0.00245438 -0.00357067 -0.00290349
internal_weight=1637 1324 1219 105 842 681 377 313 293 239 84 161 172 112
internal_count=1637 1324 1219 105 842 681 377 313 293 239 84 161 172 112
is_linear=0
shrinkage=0.03


Tree=7
num_leaves=15
num_cat=0
split_feature=22 20 22 36 30 26 33 26 26 29 22 31 26 29
split_gain=10.201 4.22216 3.83396 1.05937 1.19347 0.528463 0.513437 0.359146 0.276808 0.255958 0.227905 0.0831793 0.0481686 0.00125112
threshold=1.2359615262129646 -0.54705376695142538 0.52546874798162146 0.029002730640205861 -0.21790226783705044 0.58099028799100638 0.015531189461055228 0.51582877854878673 0.61357104271211615 -0.077844949868282984 1.9424559083185742 0.026394956087758097 0.25518274077990816 -0.031040307658122216
decision_type=2 2 2 2 2 2 2 2 2 2 2 2 2 2
left_child=1 2 5 11 -5 7 -6 -1 10 -7 -2 -3 -4 -10
right_child=8 3 12 4 6 9 -8 -9 13 -11 -12 -13 -14 -15
leaf_value=0.0022720294351839311 -0.0064114495544357495 -0.0013854609724620113 0.010539141984922545 -0.0031486067017644976 -0.00025985978122038768 0.0040674523434632258 0.0014009251274677184 0.00012328735611648586 -0.0016386989401653408 0.00075175053443209355 -0.0040932215953280579 -0.0042292030634064424 0.0068504166077330425 -0.0032329092585752085
leaf_weight=140 138 20 39 86 338 119 323 144 24 30 104 54 50 28
leaf_count=140 138 20 39 86 338 119 323 144 24 30 104 54 50 28
internal_value=-1.0637e-06 0.00110751 0.0032091 -0.000231877 0.000109151 0.00200243 0.000549833 0.00120566 -0.0050352 0.00344761 -0.00548975 -0.00358351 0.00879039 -0.00268118
internal_weight=1637 1343 522 821 747 433 661 284 294 149 242 74 89 52
internal_count=1637 1343 522 821 747 433 661 284 294 149 242 74 89 52
is_linear=0
shrinkage=0.03


end of trees

feature_importances:
Column_22=22
Column_30=19
Column_29=14
Column_26=13
Column_20=9
Column_36=7
Column_33=6
Column_23=4
Column_31=4
Column_16=3
Column_21=3
Column_10=2
Column_32=2
Column_34=2
Column_15=1
Column_19=1
Column_35=1

parameters:
[boosting: gbdt]
[objective: regression]
[metric: l2]
[tree_learner: serial]
[device_type: cpu]
[data_sample_strategy: bagging]
[data: ]
[valid: ]
[num_iterations: 200]
[learning_rate: 0.03]
[num_leaves: 31]
[num_threads: 40]
[seed: 42]
[deterministic: 0]
[force_col_wise: 0]
[force_row_wise: 0]
[histogram_pool_size: -1]
[max_depth: 5]
[min_data_in_leaf: 20]
[min_sum_hessian_in_leaf: 0.001]
[bagging_fraction: 0.8]
[pos_bagging_fraction: 1]
[neg_bagging_fraction: 1]
[bagging_freq: 0]
[bagging_seed: 400]
[bagging_by_query: 0]
[feature_fraction: 0.8]
[feature_fraction_bynode: 1]
[feature_fraction_seed: 30056]
[extra_trees: 0]
[extra_seed: 12879]
[early_stopping_round: 0]
[early_stopping_min_delta: 0]
[first_metric_only: 0]
[max_delta_step: 0]
[lambda_l1: 0.1]
[lambda_l2: 3]
[linear_lambda: 0]
[min_gain_to_split: 0]
[drop_rate: 0.1]
[max_drop: 50]
[skip_drop: 0.5]
[xgboost_dart_mode: 0]
[uniform_drop: 0]
[drop_seed: 17869]
[top_rate: 0.2]
[other_rate: 0.1]
[min_data_per_group: 100]
[max_cat_threshold: 32]
[cat_l2: 10]
[cat_smooth: 10]
[max_cat_to_onehot: 4]
[top_k: 20]
[monotone_constraints: ]
[monotone_constraints_method: basic]
[monotone_penalty: 0]
[feature_contri: ]
[forcedsplits_filename: ]
[refit_decay_rate: 0.9]
[cegb_tradeoff: 1]
[cegb_penalty_split: 0]
[cegb_penalty_feature_lazy: ]
[cegb_penalty_feature_coupled: ]
[path_smooth: 0]
[interaction_constraints: ]
[verbosity: -1]
[saved_feature_importance_type: 0]
[use_quantized_grad: 0]
[num_grad_quant_bins: 4]
[quant_train_renew_leaf: 0]
[stochastic_rounding: 1]
[linear_tree: 0]
[max_bin: 255]
[max_bin_by_feature: ]
[min_data_in_bin: 3]
[bin_construct_sample_cnt: 200000]
[data_random_seed: 175]
[is_enable_sparse: 1]
[enable_bundle: 1]
[use_missing: 1]
[zero_as_missing: 0]
[feature_pre_filter: 1]
[pre_partition: 0]
[two_round: 0]
[header: 0]
[label_column: ]
[weight_column: ]
[group_column: ]
[ignore_column: ]
[categorical_feature: ]
[forcedbins_filename: ]
[precise_float_parser: 0]
[parser_config_file: ]
[objective_seed: 16083]
[num_class: 1]
[is_unbalance: 0]
[scale_pos_weight: 1]
[sigmoid: 1]
[boost_from_average: 1]
[reg_sqrt: 0]
[alpha: 0.9]
[fair_c: 1]
[poisson_max_delta_step: 0.7]
[tweedie_variance_power: 1.5]
[lambdarank_truncation_level: 30]
[lambdarank_norm: 1]
[label_gain: ]
[lambdarank_position_bias_regularization: 0]
[eval_at: ]
[multi_error_top_k: 1]
[auc_mu_weights: ]
[num_machines: 1]
[local_listen_port: 12400]
[time_out: 120]
[machine_list_filename: ]
[machines: ]
[gpu_platform_id: -1]
[gpu_device_id: -1]
[gpu_device_id_list: ]
[gpu_use_dp: 0]
[num_gpu: 1]

end of parameters

pandas_categorical:null
