version https://git-lfs.github.com/spec/v1
oid sha256:f3ed4fd3c1cfcf492621459c169209037180089a0b97b2da84a28f35e2e54d3b
size 7802
